"VariableSE3QuaternionRightAD" : { 
  "#id" : 1, 
  "graph_id" : 0, 
  "status" : 0, 
  "estimate" : [ 0.992370009, 0.123122849, 0.0065217684, 75.3498688, -0.123241991, 0.992108643, 0.0230619963, 108.153938, -0.00363084418, -0.0236897878, 0.999712765, -3.29065776, 0, 0, 0, 1 ]
 }

"VariableSE3QuaternionRightAD" : { 
  "#id" : 2, 
  "graph_id" : 1, 
  "status" : 0, 
  "estimate" : [ 0.992232978, 0.123791821, 0.0122218151, 75.356308, -0.124049976, 0.992002606, 0.0232912749, 108.152969, -0.00924080238, -0.024626486, 0.999653995, -3.29047012, 0, 0, 0, 1 ]
 }

"VariableSE3QuaternionRightAD" : { 
  "#id" : 3, 
  "graph_id" : 2, 
  "status" : 0, 
  "estimate" : [ 0.992461264, 0.122285962, 0.00816715416, 75.3541183, -0.122446373, 0.992198646, 0.0234249905, 108.153328, -0.00523889065, -0.0242484361, 0.999692202, -3.2905345, 0, 0, 0, 1 ]
 }

"VariableSE3QuaternionRightAD" : { 
  "#id" : 4, 
  "graph_id" : 3, 
  "status" : 0, 
  "estimate" : [ 0.992561221, 0.121728264, -0.00210761372, 75.3459396, -0.121643826, 0.992286384, 0.0238866359, 108.15435, 0.00499903504, -0.0234525688, 0.999712467, -3.29067206, 0, 0, 0, 1 ]
 }

"VariableSE3QuaternionRightAD" : { 
  "#id" : 5, 
  "graph_id" : 4, 
  "status" : 0, 
  "estimate" : [ 0.99225837, 0.124170199, -0.00223751436, 75.3499298, -0.124083258, 0.991989791, 0.0236529689, 108.153992, 0.00515658502, -0.0231922194, 0.999717712, -3.29065704, 0, 0, 0, 1 ]
 }

"VariableSE3QuaternionRightAD" : { 
  "#id" : 6, 
  "graph_id" : 5, 
  "status" : 0, 
  "estimate" : [ 0.992539346, 0.121918418, 0.00122142863, 75.3633881, -0.121912807, 0.992255151, 0.0238109753, 108.151932, 0.00169102778, -0.0237822384, 0.999715686, -3.29026413, 0, 0, 0, 1 ]
 }

"VariableSE3QuaternionRightAD" : { 
  "#id" : 7, 
  "graph_id" : 6, 
  "status" : 0, 
  "estimate" : [ 0.992430866, 0.122759931, -0.00330656581, 75.3524399, -0.122651123, 0.992177427, 0.0232499372, 108.153625, 0.00613486068, -0.0226684008, 0.999724209, -3.29058456, 0, 0, 0, 1 ]
 }

"VariableSE3QuaternionRightAD" : { 
  "#id" : 8, 
  "graph_id" : 7, 
  "status" : 0, 
  "estimate" : [ 0.992383957, 0.123165742, 0.00205780216, 75.3535156, -0.12318033, 0.992115974, 0.0230779704, 108.153465, 0.000800837064, -0.0231556892, 0.999731541, -3.29055333, 0, 0, 0, 1 ]
 }

"VariableSE3QuaternionRightAD" : { 
  "#id" : 9, 
  "graph_id" : 8, 
  "status" : 0, 
  "estimate" : [ 0.992116034, 0.125059068, 0.00812171865, 75.3604584, -0.125214279, 0.991868258, 0.0227736887, 108.152405, -0.0052076187, -0.0236110948, 0.999707639, -3.2903502, 0, 0, 0, 1 ]
 }

"VariableSE3QuaternionRightAD" : { 
  "#id" : 10, 
  "graph_id" : 9, 
  "status" : 0, 
  "estimate" : [ 0.992310703, 0.123555936, 0.00730669685, 75.360321, -0.123691253, 0.992064893, 0.0225349199, 108.152451, -0.00446439441, -0.0232654177, 0.999719322, -3.29035497, 0, 0, 0, 1 ]
 }

"VariableSE3QuaternionRightAD" : { 
  "#id" : 11, 
  "graph_id" : 10, 
  "status" : 0, 
  "estimate" : [ 0.992382824, 0.123191841, -0.000276734383, 75.34655, -0.12315511, 0.992137074, 0.0222916808, 108.154366, 0.00302071171, -0.0220878012, 0.999751449, -3.29067159, 0, 0, 0, 1 ]
 }

"VariableSE3QuaternionRightAD" : { 
  "#id" : 12, 
  "graph_id" : 11, 
  "status" : 0, 
  "estimate" : [ 0.992278278, 0.123984441, 0.00341691845, 75.3570175, -0.124030009, 0.992025375, 0.0224127602, 108.152985, -0.000610836316, -0.0226634946, 0.999742985, -3.29045224, 0, 0, 0, 1 ]
 }

"VariableSE3QuaternionRightAD" : { 
  "#id" : 13, 
  "graph_id" : 12, 
  "status" : 0, 
  "estimate" : [ 0.992255509, 0.12420629, 0.00131849688, 75.351799, -0.124204099, 0.991997123, 0.0226952322, 108.153786, 0.00151094573, -0.022683233, 0.999741554, -3.29060459, 0, 0, 0, 1 ]
 }

"VariableSE3QuaternionRightAD" : { 
  "#id" : 14, 
  "graph_id" : 13, 
  "status" : 0, 
  "estimate" : [ 0.992258191, 0.124139547, 0.0036164131, 75.3585892, -0.124189891, 0.991997123, 0.0227734987, 108.152748, -0.00076037948, -0.0230463129, 0.999734104, -3.29040623, 0, 0, 0, 1 ]
 }

"VariableSE3QuaternionRightAD" : { 
  "#id" : 15, 
  "graph_id" : 14, 
  "status" : 0, 
  "estimate" : [ 0.992413104, 0.122807734, 0.00586512126, 75.360611, -0.122911222, 0.99215132, 0.02299181, 108.152466, -0.00299551524, -0.0235382654, 0.999718428, -3.29034781, 0, 0, 0, 1 ]
 }

"VariableSE3QuaternionRightAD" : { 
  "#id" : 16, 
  "graph_id" : 15, 
  "status" : 0, 
  "estimate" : [ 0.992271185, 0.123918816, 0.00648247544, 75.3635635, -0.124037489, 0.992005169, 0.0232503209, 108.152016, -0.00354949664, -0.0238746945, 0.999708652, -3.29026127, 0, 0, 0, 1 ]
 }

"VariableSE3QuaternionRightAD" : { 
  "#id" : 17, 
  "graph_id" : 16, 
  "status" : 0, 
  "estimate" : [ 0.992218137, 0.124295674, 0.00732484134, 75.35392, -0.124433942, 0.991957784, 0.0231482815, 108.153503, -0.00438870257, -0.0238796026, 0.999705195, -3.29054379, 0, 0, 0, 1 ]
 }

"VariableSE3QuaternionRightAD" : { 
  "#id" : 18, 
  "graph_id" : 17, 
  "status" : 0, 
  "estimate" : [ 0.99223125, 0.123590901, 0.0142257521, 75.3659668, -0.123899393, 0.992019951, 0.0233527161, 108.151672, -0.0112260468, -0.0249338578, 0.99962604, -3.29019141, 0, 0, 0, 1 ]
 }

"VariableSE3QuaternionRightAD" : { 
  "#id" : 19, 
  "graph_id" : 18, 
  "status" : 0, 
  "estimate" : [ 0.992607117, 0.12131501, 0.00371669699, 75.348114, -0.121369191, 0.992325127, 0.0236738902, 108.15432, -0.000816173386, -0.023949964, 0.999712825, -3.29066801, 0, 0, 0, 1 ]
 }

"VariableSE3QuaternionRightAD" : { 
  "#id" : 20, 
  "graph_id" : 19, 
  "status" : 0, 
  "estimate" : [ 0.992376804, 0.12323495, 0.00120857893, 75.3408279, -0.123228513, 0.992090642, 0.023894323, 108.155014, 0.00174559571, -0.0238611009, 0.999713778, -3.29069352, 0, 0, 0, 1 ]
 }

"VariableSE3QuaternionRightAD" : { 
  "#id" : 21, 
  "graph_id" : 20, 
  "status" : 0, 
  "estimate" : [ 0.992357433, 0.122926183, 0.0107632782, 75.3576889, -0.12315128, 0.992106915, 0.0236150045, 108.152985, -0.00777542032, -0.0247600395, 0.999663174, -3.29043484, 0, 0, 0, 1 ]
 }

"VariableSE3QuaternionRightAD" : { 
  "#id" : 22, 
  "graph_id" : 21, 
  "status" : 0, 
  "estimate" : [ 0.992473125, 0.122414522, 0.00342780515, 75.3524551, -0.122461572, 0.992186189, 0.0238692202, 108.153809, -0.000479081413, -0.0241093356, 0.999709189, -3.29058814, 0, 0, 0, 1 ]
 }

"VariableSE3QuaternionRightAD" : { 
  "#id" : 23, 
  "graph_id" : 22, 
  "status" : 0, 
  "estimate" : [ 0.992462814, 0.122473285, -0.00423066411, 75.343811, -0.122336805, 0.992193222, 0.0242129453, 108.15477, 0.0071630748, -0.0235128812, 0.999697864, -3.29068375, 0, 0, 0, 1 ]
 }

"VariableSE3QuaternionRightAD" : { 
  "#id" : 24, 
  "graph_id" : 23, 
  "status" : 0, 
  "estimate" : [ 0.992414713, 0.122840278, 0.00482544722, 75.3597717, -0.122920729, 0.992133021, 0.0237176493, 108.152702, -0.00187400309, -0.0241308901, 0.999707043, -3.29037476, 0, 0, 0, 1 ]
 }

"VariableSE3QuaternionRightAD" : { 
  "#id" : 25, 
  "graph_id" : 24, 
  "status" : 0, 
  "estimate" : [ 0.992508054, 0.122137971, 0.00318262889, 75.3554688, -0.122179225, 0.992217064, 0.0240303241, 108.153389, -0.000222843839, -0.0242391396, 0.999706149, -3.29050112, 0, 0, 0, 1 ]
 }

"VariableSE3QuaternionRightAD" : { 
  "#id" : 26, 
  "graph_id" : 25, 
  "status" : 0, 
  "estimate" : [ 0.992365479, 0.123057105, -0.0082263099, 75.3445892, -0.122834705, 0.992147326, 0.0235651769, 108.154755, 0.0110615734, -0.022374792, 0.999688447, -3.29068208, 0, 0, 0, 1 ]
 }

"VariableSE3QuaternionRightAD" : { 
  "#id" : 27, 
  "graph_id" : 26, 
  "status" : 0, 
  "estimate" : [ 0.99254334, 0.121853948, 0.00307021709, 75.3678055, -0.121892475, 0.992265582, 0.0234782118, 108.151535, -0.000185558107, -0.0236773789, 0.99971962, -3.29014063, 0, 0, 0, 1 ]
 }

"VariableSE3QuaternionRightAD" : { 
  "#id" : 28, 
  "graph_id" : 27, 
  "status" : 0, 
  "estimate" : [ 0.992472112, 0.122470178, -0.000369152433, 75.3596191, -0.122428596, 0.992205203, 0.0232397337, 108.152786, 0.00321244914, -0.0230195932, 0.999729872, -3.29038048, 0, 0, 0, 1 ]
 }

"VariableSE3QuaternionRightAD" : { 
  "#id" : 29, 
  "graph_id" : 28, 
  "status" : 0, 
  "estimate" : [ 0.992365897, 0.12318211, 0.00600121217, 75.3635559, -0.123289458, 0.992098689, 0.0232347213, 108.152184, -0.00309169246, -0.0237972327, 0.99971205, -3.29026532, 0, 0, 0, 1 ]
 }

"VariableSE3QuaternionRightAD" : { 
  "#id" : 30, 
  "graph_id" : 29, 
  "status" : 0, 
  "estimate" : [ 0.992431819, 0.122776754, 0.0022073749, 75.3574371, -0.122794837, 0.992161036, 0.0231935233, 108.153137, 0.000657554017, -0.0232890453, 0.99972856, -3.29044461, 0, 0, 0, 1 ]
 }

"VariableSE3QuaternionRightAD" : { 
  "#id" : 31, 
  "graph_id" : 30, 
  "status" : 0, 
  "estimate" : [ 0.992203534, 0.124579646, 0.00347738084, 75.3532257, -0.124627039, 0.991926789, 0.0234385766, 108.153786, -0.000529337674, -0.0236892141, 0.999719262, -3.29056787, 0, 0, 0, 1 ]
 }

"VariableSE3QuaternionRightAD" : { 
  "#id" : 32, 
  "graph_id" : 31, 
  "status" : 0, 
  "estimate" : [ 0.99240768, 0.122808188, 0.00672181183, 75.3634262, -0.122933246, 0.992140293, 0.0233495533, 108.152229, -0.00380146387, -0.0239986107, 0.999704778, -3.29026961, 0, 0, 0, 1 ]
 }

"VariableSE3QuaternionRightAD" : { 
  "#id" : 33, 
  "graph_id" : 32, 
  "status" : 0, 
  "estimate" : [ 0.992350638, 0.123413198, 0.00307811098, 75.3582077, -0.123451471, 0.992073894, 0.0234340932, 108.153038, -0.000161637552, -0.0236348324, 0.999720693, -3.29042268, 0, 0, 0, 1 ]
 }

"VariableSE3QuaternionRightAD" : { 
  "#id" : 34, 
  "graph_id" : 33, 
  "status" : 0, 
  "estimate" : [ 0.992354751, 0.123397768, -0.00222919672, 75.3484344, -0.123309717, 0.992079318, 0.0239465386, 108.154472, 0.00516648917, -0.0234885812, 0.999710739, -3.29066992, 0, 0, 0, 1 ]
 }

"VariableSE3QuaternionRightAD" : { 
  "#id" : 35, 
  "graph_id" : 34, 
  "status" : 0, 
  "estimate" : [ 0.992154717, 0.124884799, 0.00573059823, 75.3539505, -0.124987334, 0.991868019, 0.0240004472, 108.153717, -0.00268670614, -0.0245284066, 0.999695539, -3.29054761, 0, 0, 0, 1 ]
 }

"VariableSE3QuaternionRightAD" : { 
  "#id" : 36, 
  "graph_id" : 35, 
  "status" : 0, 
  "estimate" : [ 0.992622137, 0.120981202, 0.00805473886, 75.3699341, -0.121143386, 0.992339075, 0.0242377818, 108.151299, -0.00506071607, -0.0250347368, 0.999673784, -3.29008031, 0, 0, 0, 1 ]
 }

"VariableSE3QuaternionRightAD" : { 
  "#id" : 37, 
  "graph_id" : 36, 
  "status" : 0, 
  "estimate" : [ 0.992148459, 0.124957226, 0.00521065155, 75.3539429, -0.125048146, 0.991847396, 0.0245303344, 108.153748, -0.0021029287, -0.0249893162, 0.999685466, -3.29054832, 0, 0, 0, 1 ]
 }

"VariableSE3QuaternionRightAD" : { 
  "#id" : 38, 
  "graph_id" : 37, 
  "status" : 0, 
  "estimate" : [ 0.992388666, 0.122965604, 0.0066493596, 75.3601456, -0.12309292, 0.992093861, 0.0244528763, 108.152794, -0.00358992582, -0.0250852462, 0.99967885, -3.29036713, 0, 0, 0, 1 ]
 }

"VariableSE3QuaternionRightAD" : { 
  "#id" : 39, 
  "graph_id" : 38, 
  "status" : 0, 
  "estimate" : [ 0.992225945, 0.124434084, 0.00195695017, 75.3435287, -0.124444626, 0.991925895, 0.0244243816, 108.154991, 0.00109807577, -0.0244780369, 0.999699771, -3.29068851, 0, 0, 0, 1 ]
 }

"VariableSE3QuaternionRightAD" : { 
  "#id" : 40, 
  "graph_id" : 39, 
  "status" : 0, 
  "estimate" : [ 0.991190076, 0.131716967, 0.0138879679, 75.3651962, -0.132016614, 0.99096936, 0.0234793071, 108.152, -0.010669928, -0.0251058992, 0.999627829, -3.29021883, 0, 0, 0, 1 ]
 }

"VariableSE3QuaternionRightAD" : { 
  "#id" : 41, 
  "graph_id" : 40, 
  "status" : 0, 
  "estimate" : [ 0.972441554, 0.232963547, -0.0092474753, 75.3650742, -0.232717201, 0.972292244, 0.0221447367, 108.15036, 0.014150165, -0.0193824135, 0.99971199, -3.29018426, 0, 0, 0, 1 ]
 }

"VariableSE3QuaternionRightAD" : { 
  "#id" : 42, 
  "graph_id" : 41, 
  "status" : 0, 
  "estimate" : [ 0.820191026, 0.570027232, -0.0485343635, 75.425415, -0.570341945, 0.821363807, 0.00845569652, 108.119263, 0.0446843468, 0.0207458977, 0.998785734, -3.28787208, 0, 0, 0, 1 ]
 }

"VariableSE3QuaternionRightAD" : { 
  "#id" : 43, 
  "graph_id" : 42, 
  "status" : 0, 
  "estimate" : [ 0.834902823, 0.541248381, -0.0999372974, 75.6062775, -0.543469489, 0.839408517, 0.00584663218, 107.984253, 0.0870526955, 0.0494315028, 0.994976521, -3.27966189, 0, 0, 0, 1 ]
 }

"VariableSE3QuaternionRightAD" : { 
  "#id" : 44, 
  "graph_id" : 43, 
  "status" : 0, 
  "estimate" : [ 0.861679673, 0.468634874, -0.194652081, 76.1408463, -0.476027757, 0.879374802, 0.00987538323, 107.665176, 0.17580007, 0.0841503739, 0.980822623, -3.25631738, 0, 0, 0, 1 ]
 }

"VariableSE3QuaternionRightAD" : { 
  "#id" : 45, 
  "graph_id" : 44, 
  "status" : 0, 
  "estimate" : [ 0.898953795, 0.436127096, -0.040929269, 77.4207687, -0.436913282, 0.899419427, -0.0123060076, 106.975044, 0.0314455964, 0.0289450735, 0.999086201, -3.19501066, 0, 0, 0, 1 ]
 }

"VariableSE3QuaternionRightAD" : { 
  "#id" : 46, 
  "graph_id" : 45, 
  "status" : 0, 
  "estimate" : [ 0.883824289, 0.466659367, 0.0329201035, 78.8514709, -0.466425002, 0.884434521, -0.0149425976, 106.26255, -0.0360887796, -0.00214812811, 0.999346316, -3.11591339, 0, 0, 0, 1 ]
 }

"VariableSE3QuaternionRightAD" : { 
  "#id" : 47, 
  "graph_id" : 46, 
  "status" : 0, 
  "estimate" : [ 0.87833029, 0.475753039, -0.0468506813, 80.0958023, -0.476617247, 0.879067779, -0.00871290173, 105.581093, 0.0370397344, 0.0299826488, 0.998863935, -3.04089642, 0, 0, 0, 1 ]
 }

"VariableSE3QuaternionRightAD" : { 
  "#id" : 48, 
  "graph_id" : 47, 
  "status" : 0, 
  "estimate" : [ 0.826285183, 0.557940602, -0.0771684647, 81.052124, -0.562307954, 0.825050473, -0.0556906275, 104.940498, 0.032595817, 0.0894087851, 0.995461464, -2.99777746, 0, 0, 0, 1 ]
 }

"VariableSE3QuaternionRightAD" : { 
  "#id" : 49, 
  "graph_id" : 48, 
  "status" : 0, 
  "estimate" : [ 0.798794746, 0.599865198, -0.0457025841, 82.2202454, -0.601596951, 0.796119153, -0.0653861091, 104.017731, -0.00283814967, 0.0797246173, 0.99681288, -2.9548738, 0, 0, 0, 1 ]
 }

"VariableSE3QuaternionRightAD" : { 
  "#id" : 50, 
  "graph_id" : 49, 
  "status" : 0, 
  "estimate" : [ 0.79244858, 0.609745085, -0.0153658744, 83.4169083, -0.60889864, 0.789375722, -0.078284435, 103.03318, -0.0356041044, 0.0713926554, 0.996812642, -2.92554045, 0, 0, 0, 1 ]
 }

"VariableSE3QuaternionRightAD" : { 
  "#id" : 51, 
  "graph_id" : 50, 
  "status" : 0, 
  "estimate" : [ 0.784263194, 0.620280206, -0.0135523938, 84.4916153, -0.618647158, 0.780171216, -0.0927826092, 102.183571, -0.0469780266, 0.0811501369, 0.995594144, -2.9011929, 0, 0, 0, 1 ]
 }

"VariableSE3QuaternionRightAD" : { 
  "#id" : 52, 
  "graph_id" : 51, 
  "status" : 0, 
  "estimate" : [ 0.760432661, 0.647969365, -0.0433348976, 85.5531921, -0.649197161, 0.756745756, -0.0766744614, 101.369263, -0.0168891996, 0.0864386559, 0.996114016, -2.87009692, 0, 0, 0, 1 ]
 }

"VariableSE3QuaternionRightAD" : { 
  "#id" : 53, 
  "graph_id" : 52, 
  "status" : 0, 
  "estimate" : [ 0.719241261, 0.691717684, -0.0649513453, 86.5559464, -0.694753945, 0.71568054, -0.0715432167, 100.498489, -0.00300329924, 0.0965820327, 0.995320499, -2.8373673, 0, 0, 0, 1 ]
 }

"VariableSE3QuaternionRightAD" : { 
  "#id" : 54, 
  "graph_id" : 53, 
  "status" : 0, 
  "estimate" : [ 0.80609566, 0.587781966, -0.0687177405, 87.6210709, -0.591262996, 0.804813087, -0.0518054925, 99.6806717, 0.0248546042, 0.0823904425, 0.996290147, -2.79961395, 0, 0, 0, 1 ]
 }

"VariableSE3QuaternionRightAD" : { 
  "#id" : 55, 
  "graph_id" : 54, 
  "status" : 0, 
  "estimate" : [ 0.739565194, 0.668474019, -0.0786503255, 88.839653, -0.672987878, 0.736376941, -0.0695433617, 98.7650146, 0.0114283562, 0.104362562, 0.994473696, -2.78707194, 0, 0, 0, 1 ]
 }

"VariableSE3QuaternionRightAD" : { 
  "#id" : 56, 
  "graph_id" : 55, 
  "status" : 0, 
  "estimate" : [ 0.726323485, 0.684568346, -0.0618095547, 89.8600082, -0.687212288, 0.725052953, -0.0451400951, 97.8415527, 0.0139137208, 0.0752625912, 0.997066677, -2.782758, 0, 0, 0, 1 ]
 }

"VariableSE3QuaternionRightAD" : { 
  "#id" : 57, 
  "graph_id" : 56, 
  "status" : 0, 
  "estimate" : [ 0.720850229, 0.691327035, -0.0494158305, 90.9324112, -0.693071723, 0.719525635, -0.0439821482, 96.8445892, 0.0051499065, 0.0659532547, 0.99780941, -2.78343272, 0, 0, 0, 1 ]
 }

"VariableSE3QuaternionRightAD" : { 
  "#id" : 58, 
  "graph_id" : 57, 
  "status" : 0, 
  "estimate" : [ 0.73510915, 0.676312208, -0.047078371, 91.8935471, -0.677649379, 0.735074222, -0.0213811602, 95.9683456, 0.020145759, 0.0476201177, 0.998662293, -2.79339695, 0, 0, 0, 1 ]
 }

"VariableSE3QuaternionRightAD" : { 
  "#id" : 59, 
  "graph_id" : 58, 
  "status" : 0, 
  "estimate" : [ 0.819923878, 0.571071744, -0.0400242768, 93.0810623, -0.572252274, 0.81954217, -0.0296305232, 95.0950012, 0.0158804283, 0.0471987575, 0.998759329, -2.80656147, 0, 0, 0, 1 ]
 }

"VariableSE3QuaternionRightAD" : { 
  "#id" : 60, 
  "graph_id" : 59, 
  "status" : 0, 
  "estimate" : [ 0.826496959, 0.559885263, -0.0585765801, 94.2204666, -0.562021673, 0.826612651, -0.0290384032, 94.4210892, 0.032161966, 0.0569214597, 0.997860491, -2.81583023, 0, 0, 0, 1 ]
 }

"VariableSE3QuaternionRightAD" : { 
  "#id" : 61, 
  "graph_id" : 60, 
  "status" : 0, 
  "estimate" : [ 0.800691307, 0.597204387, -0.0473329388, 95.4311218, -0.598913133, 0.799818575, -0.0399168879, 93.6200562, 0.0140192267, 0.0603094213, 0.998081326, -2.81945395, 0, 0, 0, 1 ]
 }

"VariableSE3QuaternionRightAD" : { 
  "#id" : 62, 
  "graph_id" : 61, 
  "status" : 0, 
  "estimate" : [ 0.797418177, 0.60203737, -0.0409300178, 96.6137314, -0.603405774, 0.796123564, -0.0457019843, 92.7723846, 0.00507104769, 0.0611409992, 0.998116255, -2.76468349, 0, 0, 0, 1 ]
 }

"VariableSE3QuaternionRightAD" : { 
  "#id" : 63, 
  "graph_id" : 62, 
  "status" : 0, 
  "estimate" : [ 0.789932251, 0.611766398, -0.0418196805, 97.6812286, -0.613181293, 0.788517833, -0.0474169739, 92.0014038, 0.00396744907, 0.0630992427, 0.99799943, -2.7226541, 0, 0, 0, 1 ]
 }

"VariableSE3QuaternionRightAD" : { 
  "#id" : 64, 
  "graph_id" : 63, 
  "status" : 0, 
  "estimate" : [ 0.785440505, 0.617337167, -0.0444743671, 98.7787781, -0.618936658, 0.783499599, -0.0551886074, 91.20224, 0.00077566877, 0.0708741844, 0.997484922, -2.68691587, 0, 0, 0, 1 ]
 }

"VariableSE3QuaternionRightAD" : { 
  "#id" : 65, 
  "graph_id" : 64, 
  "status" : 0, 
  "estimate" : [ 0.77369374, 0.629832625, 0.0686207041, 99.9723282, -0.626883328, 0.776719511, -0.0610252321, 90.3195038, -0.0917347223, 0.00419766828, 0.995774627, -2.66657043, 0, 0, 0, 1 ]
 }

"VariableSE3QuaternionRightAD" : { 
  "#id" : 66, 
  "graph_id" : 65, 
  "status" : 0, 
  "estimate" : [ 0.748066604, 0.663562894, 0.00898668822, 100.780693, -0.663199663, 0.748004019, -0.0256167464, 89.6602249, -0.0237203985, 0.013203063, 0.999631464, -2.65396166, 0, 0, 0, 1 ]
 }

"VariableSE3QuaternionRightAD" : { 
  "#id" : 67, 
  "graph_id" : 66, 
  "status" : 0, 
  "estimate" : [ 0.711629152, 0.696830034, -0.0895085335, 101.491997, -0.701269925, 0.712241888, -0.0305281561, 89.0110016, 0.0424787924, 0.0844943598, 0.995518088, -2.63830233, 0, 0, 0, 1 ]
 }

"VariableSE3QuaternionRightAD" : { 
  "#id" : 68, 
  "graph_id" : 67, 
  "status" : 0, 
  "estimate" : [ 0.652215481, 0.753332913, -0.0842884257, 102.513817, -0.757717967, 0.651109636, -0.0438148156, 87.9393768, 0.0218738653, 0.0924435556, 0.995477676, -2.60501122, 0, 0, 0, 1 ]
 }

"VariableSE3QuaternionRightAD" : { 
  "#id" : 69, 
  "graph_id" : 68, 
  "status" : 0, 
  "estimate" : [ 0.603957534, 0.795986831, -0.0404999256, 103.398209, -0.796981514, 0.602674425, -0.040050678, 86.8693771, -0.00747154467, 0.0564666018, 0.998376548, -2.58461332, 0, 0, 0, 1 ]
 }

"VariableSE3QuaternionRightAD" : { 
  "#id" : 70, 
  "graph_id" : 69, 
  "status" : 0, 
  "estimate" : [ 0.556052268, 0.83057791, -0.03076021, 104.209183, -0.831083834, 0.555171371, -0.0329311825, 85.7549896, -0.0102747232, 0.0438757725, 0.998984158, -2.58006406, 0, 0, 0, 1 ]
 }

"VariableSE3QuaternionRightAD" : { 
  "#id" : 71, 
  "graph_id" : 70, 
  "status" : 0, 
  "estimate" : [ 0.52144134, 0.851578772, -0.0539676249, 104.865608, -0.853195786, 0.521266878, -0.018377373, 84.735466, 0.0124817546, 0.0556276701, 0.998373508, -2.5824728, 0, 0, 0, 1 ]
 }

"VariableSE3QuaternionRightAD" : { 
  "#id" : 72, 
  "graph_id" : 71, 
  "status" : 0, 
  "estimate" : [ 0.448991448, 0.890165746, -0.0775348842, 105.559044, -0.893500268, 0.448056519, -0.0300437417, 83.4836502, 0.00799610093, 0.0827668235, 0.996536911, -2.59355688, 0, 0, 0, 1 ]
 }

"VariableSE3QuaternionRightAD" : { 
  "#id" : 73, 
  "graph_id" : 72, 
  "status" : 0, 
  "estimate" : [ 0.322661519, 0.946208239, -0.0240719654, 106.160332, -0.946240723, 0.321852326, -0.0322418883, 82.1421356, -0.0227599256, 0.0331810936, 0.999190152, -2.58774638, 0, 0, 0, 1 ]
 }

"VariableSE3QuaternionRightAD" : { 
  "#id" : 74, 
  "graph_id" : 73, 
  "status" : 0, 
  "estimate" : [ 0.118361525, 0.992654264, -0.0250601545, 106.454346, -0.992491663, 0.11748302, -0.0340301506, 80.7904892, -0.0308360327, 0.028899854, 0.999106586, -2.61319089, 0, 0, 0, 1 ]
 }

"VariableSE3QuaternionRightAD" : { 
  "#id" : 75, 
  "graph_id" : 74, 
  "status" : 0, 
  "estimate" : [ -0.0416591093, 0.998001993, -0.0475020036, 106.483521, -0.997967482, -0.0438582078, -0.0462326482, 79.503067, -0.0482236259, 0.0454794429, 0.997800648, -2.66713762, 0, 0, 0, 1 ]
 }

"VariableSE3QuaternionRightAD" : { 
  "#id" : 76, 
  "graph_id" : 75, 
  "status" : 0, 
  "estimate" : [ -0.0673178062, 0.99472785, 0.0773620531, 106.393448, -0.997066557, -0.0642399862, -0.0416099392, 78.0649033, -0.0364208259, -0.0799362063, 0.9961344, -2.74016619, 0, 0, 0, 1 ]
 }

"VariableSE3QuaternionRightAD" : { 
  "#id" : 77, 
  "graph_id" : 76, 
  "status" : 0, 
  "estimate" : [ -0.132378519, 0.988104939, -0.0782601982, 106.316711, -0.990798593, -0.134156674, -0.0178946182, 77.0718079, -0.0281808879, 0.0751712322, 0.996772349, -2.74847388, 0, 0, 0, 1 ]
 }

"VariableSE3QuaternionRightAD" : { 
  "#id" : 78, 
  "graph_id" : 77, 
  "status" : 0, 
  "estimate" : [ -0.197392985, 0.978308439, -0.0628378242, 106.115341, -0.980042756, -0.198466972, -0.0112726353, 75.8165131, -0.0234993473, 0.0593586154, 0.997960091, -2.74368191, 0, 0, 0, 1 ]
 }

"VariableSE3QuaternionRightAD" : { 
  "#id" : 79, 
  "graph_id" : 78, 
  "status" : 0, 
  "estimate" : [ -0.287658662, 0.957166553, -0.0329341143, 105.73745, -0.957732856, -0.287475467, 0.0102714309, 74.2773895, 0.000363720581, 0.0344967507, 0.999404728, -2.7101965, 0, 0, 0, 1 ]
 }

"VariableSE3QuaternionRightAD" : { 
  "#id" : 80, 
  "graph_id" : 79, 
  "status" : 0, 
  "estimate" : [ -0.261869311, 0.964819551, -0.0234035216, 105.32489, -0.964840353, -0.26115486, 0.0296849944, 72.9019623, 0.0225287173, 0.0303542521, 0.999285281, -2.69329786, 0, 0, 0, 1 ]
 }

"VariableSE3QuaternionRightAD" : { 
  "#id" : 81, 
  "graph_id" : 80, 
  "status" : 0, 
  "estimate" : [ -0.10541974, 0.993431091, -0.0445128232, 105.072021, -0.994308114, -0.104606941, 0.020217007, 71.624382, 0.015427852, 0.0463907346, 0.998804212, -2.69946122, 0, 0, 0, 1 ]
 }

"VariableSE3QuaternionRightAD" : { 
  "#id" : 82, 
  "graph_id" : 81, 
  "status" : 0, 
  "estimate" : [ -0.143191427, 0.988746405, -0.0433224402, 104.884056, -0.989458442, -0.142062932, 0.0281088464, 70.1383057, 0.021638006, 0.0468906984, 0.998665631, -2.70942211, 0, 0, 0, 1 ]
 }

"VariableSE3QuaternionRightAD" : { 
  "#id" : 83, 
  "graph_id" : 82, 
  "status" : 0, 
  "estimate" : [ -0.410057127, 0.911955059, -0.0138247749, 104.399658, -0.911675334, -0.409397066, 0.0352439843, 68.6324768, 0.0264811069, 0.0270557515, 0.999283135, -2.71147442, 0, 0, 0, 1 ]
 }

"VariableSE3QuaternionRightAD" : { 
  "#id" : 84, 
  "graph_id" : 83, 
  "status" : 0, 
  "estimate" : [ -0.706479669, 0.693587542, 0.140793368, 103.567162, -0.702078283, -0.711924791, -0.0157812964, 67.597374, 0.08928857, -0.109997138, 0.989913166, -2.67613816, 0, 0, 0, 1 ]
 }

"VariableSE3QuaternionRightAD" : { 
  "#id" : 85, 
  "graph_id" : 84, 
  "status" : 0, 
  "estimate" : [ -0.914523125, 0.372246981, 0.15836589, 103.112183, -0.382131696, -0.92339772, -0.0362214744, 67.2860107, 0.132751375, -0.0936419964, 0.986715913, -2.68236732, 0, 0, 0, 1 ]
 }

"VariableSE3QuaternionRightAD" : { 
  "#id" : 86, 
  "graph_id" : 85, 
  "status" : 0, 
  "estimate" : [ -0.994586766, -0.0234600101, -0.101226397, 103.426956, 0.0260274746, -0.999370217, -0.0241176728, 67.3262405, -0.100596845, -0.0266217869, 0.994570971, -2.67790914, 0, 0, 0, 1 ]
 }

"VariableSE3QuaternionRightAD" : { 
  "#id" : 87, 
  "graph_id" : 86, 
  "status" : 0, 
  "estimate" : [ -0.916938066, -0.384494036, -0.106718838, 102.985176, 0.388987929, -0.920923531, -0.024252627, 67.5224686, -0.0889549032, -0.0637504905, 0.993993402, -2.6820786, 0, 0, 0, 1 ]
 }

"VariableSE3QuaternionRightAD" : { 
  "#id" : 88, 
  "graph_id" : 87, 
  "status" : 0, 
  "estimate" : [ -0.817292511, -0.572756886, 0.0631074756, 101.841881, 0.572605133, -0.819528997, -0.0222633854, 68.1644592, 0.0644699112, 0.0179399643, 0.997758389, -2.70517898, 0, 0, 0, 1 ]
 }

"VariableSE3QuaternionRightAD" : { 
  "#id" : 89, 
  "graph_id" : 88, 
  "status" : 0, 
  "estimate" : [ -0.858432412, -0.511975586, 0.0312208273, 100.837418, 0.511707366, -0.858998418, -0.0166548174, 68.7358017, 0.0353454985, 0.00167889241, 0.999373734, -2.72574544, 0, 0, 0, 1 ]
 }

"VariableSE3QuaternionRightAD" : { 
  "#id" : 90, 
  "graph_id" : 89, 
  "status" : 0, 
  "estimate" : [ -0.925908327, -0.377729923, 0.00373997609, 99.726593, 0.377603561, -0.925782025, -0.0185248852, 69.1816406, 0.0104598049, -0.0157401152, 0.999821424, -2.74888778, 0, 0, 0, 1 ]
 }

"VariableSE3QuaternionRightAD" : { 
  "#id" : 91, 
  "graph_id" : 90, 
  "status" : 0, 
  "estimate" : [ -0.882577658, -0.470095187, -0.00819982309, 98.6024475, 0.470091939, -0.881992221, -0.0332163945, 69.6267014, 0.00838268735, -0.0331707187, 0.999414504, -2.77125502, 0, 0, 0, 1 ]
 }

"VariableSE3QuaternionRightAD" : { 
  "#id" : 92, 
  "graph_id" : 91, 
  "status" : 0, 
  "estimate" : [ -0.903327405, -0.42882517, -0.0104233818, 97.4126663, 0.428827465, -0.902213752, -0.0460151285, 70.262558, 0.0103283245, -0.0460365564, 0.998886406, -2.80701351, 0, 0, 0, 1 ]
 }

"VariableSE3QuaternionRightAD" : { 
  "#id" : 93, 
  "graph_id" : 92, 
  "status" : 0, 
  "estimate" : [ -0.98128444, -0.191712543, 0.0180879589, 96.0074615, 0.190489367, -0.98017168, -0.0545643605, 70.7539215, 0.0281899776, -0.0500975959, 0.998346388, -2.86522865, 0, 0, 0, 1 ]
 }

"VariableSE3QuaternionRightAD" : { 
  "#id" : 94, 
  "graph_id" : 93, 
  "status" : 0, 
  "estimate" : [ -0.99751091, -0.0684912428, 0.0167625342, 94.6733017, 0.0672853217, -0.995664775, -0.0642198026, 70.9161911, 0.0210883599, -0.0629320741, 0.997794986, -2.92744064, 0, 0, 0, 1 ]
 }

"VariableSE3QuaternionRightAD" : { 
  "#id" : 95, 
  "graph_id" : 94, 
  "status" : 0, 
  "estimate" : [ -0.987844348, -0.154674768, 0.0154661788, 93.3652496, 0.153696358, -0.986764848, -0.0516959578, 71.0251236, 0.0232575424, -0.0486904643, 0.998543084, -2.98886681, 0, 0, 0, 1 ]
 }

"VariableSE3QuaternionRightAD" : { 
  "#id" : 96, 
  "graph_id" : 95, 
  "status" : 0, 
  "estimate" : [ -0.964072824, -0.265430391, 0.0105026681, 91.8231354, 0.263948649, -0.961644411, -0.0746393651, 71.2887421, 0.0299113877, -0.0691856146, 0.997155309, -3.02112913, 0, 0, 0, 1 ]
 }

"VariableSE3QuaternionRightAD" : { 
  "#id" : 97, 
  "graph_id" : 96, 
  "status" : 0, 
  "estimate" : [ -0.933997035, -0.357131749, 0.0103181927, 90.5885696, 0.356186599, -0.933006763, -0.0512791239, 71.6530075, 0.0279403478, -0.0442193486, 0.99863106, -3.04876637, 0, 0, 0, 1 ]
 }

"VariableSE3QuaternionRightAD" : { 
  "#id" : 98, 
  "graph_id" : 97, 
  "status" : 0, 
  "estimate" : [ -0.932061017, -0.361772984, 0.0195582695, 89.1648331, 0.360556811, -0.93151176, -0.0477980673, 72.1405716, 0.0355108082, -0.0374988467, 0.998665571, -3.07882881, 0, 0, 0, 1 ]
 }

"VariableSE3QuaternionRightAD" : { 
  "#id" : 99, 
  "graph_id" : 98, 
  "status" : 0, 
  "estimate" : [ -0.937069297, -0.348644167, 0.0186633151, 87.658165, 0.347627282, -0.936642468, -0.0430831909, 72.6595306, 0.032501556, -0.0338840596, 0.998897195, -3.10171986, 0, 0, 0, 1 ]
 }

"VariableSE3QuaternionRightAD" : { 
  "#id" : 100, 
  "graph_id" : 99, 
  "status" : 0, 
  "estimate" : [ -0.932656288, -0.360396057, 0.0163390487, 86.3245316, 0.359477133, -0.932195306, -0.0422862731, 73.1272125, 0.0304709934, -0.0335650444, 0.998971879, -3.11600018, 0, 0, 0, 1 ]
 }

"VariableSE3QuaternionRightAD" : { 
  "#id" : 101, 
  "graph_id" : 100, 
  "status" : 0, 
  "estimate" : [ -0.904219508, -0.427056819, 0.00308274617, 85.0785065, 0.426070809, -0.902577817, -0.0617814884, 73.6016083, 0.029166624, -0.0545505583, 0.998084903, -3.12610769, 0, 0, 0, 1 ]
 }

"VariableSE3QuaternionRightAD" : { 
  "#id" : 102, 
  "graph_id" : 101, 
  "status" : 0, 
  "estimate" : [ -0.842983842, -0.537938356, 0.000770118786, 83.8256073, 0.536950707, -0.841521144, -0.0593808778, 74.2431183, 0.0325913243, -0.0496436059, 0.998235106, -3.13879991, 0, 0, 0, 1 ]
 }

"VariableSE3QuaternionRightAD" : { 
  "#id" : 103, 
  "graph_id" : 102, 
  "status" : 0, 
  "estimate" : [ -0.859758079, -0.510303497, 0.0201598797, 82.5886688, 0.508902788, -0.859372318, -0.0499722175, 75.0456467, 0.0428258404, -0.0327045992, 0.998547077, -3.1683526, 0, 0, 0, 1 ]
 }

"VariableSE3QuaternionRightAD" : { 
  "#id" : 104, 
  "graph_id" : 103, 
  "status" : 0, 
  "estimate" : [ -0.888637781, -0.457847774, 0.0264254101, 81.3482819, 0.455784708, -0.888082206, -0.0597516075, 75.7336731, 0.0508250743, -0.0410532355, 0.997863412, -3.1961236, 0, 0, 0, 1 ]
 }

"VariableSE3QuaternionRightAD" : { 
  "#id" : 105, 
  "graph_id" : 104, 
  "status" : 0, 
  "estimate" : [ -0.889837444, -0.455922663, 0.0179950856, 80.1067123, 0.454594493, -0.889249623, -0.050784193, 76.3549881, 0.0391557887, -0.0370092094, 0.998547554, -3.2230525, 0, 0, 0, 1 ]
 }

"VariableSE3QuaternionRightAD" : { 
  "#id" : 106, 
  "graph_id" : 105, 
  "status" : 0, 
  "estimate" : [ -0.863818586, -0.503683567, 0.0109653799, 78.926178, 0.503087699, -0.863547385, -0.0344767682, 76.9998856, 0.0268345084, -0.0242651273, 0.999345362, -3.24689102, 0, 0, 0, 1 ]
 }

"VariableSE3QuaternionRightAD" : { 
  "#id" : 107, 
  "graph_id" : 106, 
  "status" : 0, 
  "estimate" : [ -0.833079934, -0.553064585, -0.00987498276, 77.6761093, 0.553004861, -0.832311749, -0.0379841588, 77.8144455, 0.0127886264, -0.0371047519, 0.99922955, -3.26936579, 0, 0, 0, 1 ]
 }

"VariableSE3QuaternionRightAD" : { 
  "#id" : 108, 
  "graph_id" : 107, 
  "status" : 0, 
  "estimate" : [ -0.797490895, -0.603281915, -0.0076962593, 76.4801636, 0.603324354, -0.797357142, -0.0148781696, 78.7387009, 0.00283906283, -0.0165085457, 0.999859691, -3.28832388, 0, 0, 0, 1 ]
 }

"VariableSE3QuaternionRightAD" : { 
  "#id" : 109, 
  "graph_id" : 108, 
  "status" : 0, 
  "estimate" : [ -0.792076051, -0.610261559, 0.0140168294, 75.3228989, 0.610267341, -0.792183578, -0.00435729371, 79.7347336, 0.0137629909, 0.00510270521, 0.999892294, -3.30195045, 0, 0, 0, 1 ]
 }

"VariableSE3QuaternionRightAD" : { 
  "#id" : 110, 
  "graph_id" : 109, 
  "status" : 0, 
  "estimate" : [ -0.857691646, -0.513474584, 0.0266241934, 74.1191711, 0.513329148, -0.858099937, -0.012560457, 80.5736618, 0.0292956941, 0.002893975, 0.999566615, -3.31669092, 0, 0, 0, 1 ]
 }

"VariableSE3QuaternionRightAD" : { 
  "#id" : 111, 
  "graph_id" : 110, 
  "status" : 0, 
  "estimate" : [ -0.879858673, -0.473521769, 0.0403212048, 72.8593521, 0.473227471, -0.880773127, -0.0171605702, 81.2993774, 0.0436397344, 0.00398222357, 0.999039352, -3.33757782, 0, 0, 0, 1 ]
 }

"VariableSE3QuaternionRightAD" : { 
  "#id" : 112, 
  "graph_id" : 111, 
  "status" : 0, 
  "estimate" : [ -0.862439513, -0.505099356, 0.0327529833, 71.5416565, 0.505131423, -0.863006294, -0.00789557025, 82.0766602, 0.0322540775, 0.00973511022, 0.999432266, -3.36478519, 0, 0, 0, 1 ]
 }

"VariableSE3QuaternionRightAD" : { 
  "#id" : 113, 
  "graph_id" : 112, 
  "status" : 0, 
  "estimate" : [ -0.868189335, -0.495849311, 0.0195116848, 70.3936768, 0.495695561, -0.868407965, -0.0123950122, 82.7525177, 0.0230901614, -0.00108936243, 0.999732792, -3.39417291, 0, 0, 0, 1 ]
 }

"VariableSE3QuaternionRightAD" : { 
  "#id" : 114, 
  "graph_id" : 113, 
  "status" : 0, 
  "estimate" : [ -0.859266281, -0.511484861, 0.00668779435, 69.1920471, 0.51137495, -0.859255195, -0.0132715246, 83.4696579, 0.0125347059, -0.00798380282, 0.999889553, -3.42280817, 0, 0, 0, 1 ]
 }

"VariableSE3QuaternionRightAD" : { 
  "#id" : 115, 
  "graph_id" : 114, 
  "status" : 0, 
  "estimate" : [ -0.850701809, -0.525584757, 0.00818936341, 67.97789, 0.525644004, -0.850656152, 0.00908221863, 84.2123871, 0.00219285628, 0.0120309498, 0.999925196, -3.44949937, 0, 0, 0, 1 ]
 }

"VariableSE3QuaternionRightAD" : { 
  "#id" : 116, 
  "graph_id" : 115, 
  "status" : 0, 
  "estimate" : [ -0.832645893, -0.553509474, 0.0181115475, 66.6944733, 0.553674757, -0.832714915, 0.00548753049, 85.0499115, 0.0120443553, 0.0145970751, 0.999820888, -3.46636105, 0, 0, 0, 1 ]
 }

"VariableSE3QuaternionRightAD" : { 
  "#id" : 117, 
  "graph_id" : 116, 
  "status" : 0, 
  "estimate" : [ -0.832019389, -0.554475605, 0.0173357092, 65.5344772, 0.554648578, -0.832053483, 0.00721136387, 85.835144, 0.0104257111, 0.0156152211, 0.999823749, -3.47010851, 0, 0, 0, 1 ]
 }

"VariableSE3QuaternionRightAD" : { 
  "#id" : 118, 
  "graph_id" : 117, 
  "status" : 0, 
  "estimate" : [ -0.818087518, -0.575031042, 0.00849363208, 64.3422623, 0.57509023, -0.818044841, 0.00859402865, 86.6472778, 0.00200633844, 0.0119152721, 0.999926984, -3.47378635, 0, 0, 0, 1 ]
 }

"VariableSE3QuaternionRightAD" : { 
  "#id" : 119, 
  "graph_id" : 118, 
  "status" : 0, 
  "estimate" : [ -0.833829224, -0.551480114, 0.0244642124, 63.119236, 0.551755428, -0.833985329, 0.00586500112, 87.4788971, 0.0171683636, 0.0183886718, 0.999683499, -3.47724462, 0, 0, 0, 1 ]
 }

"VariableSE3QuaternionRightAD" : { 
  "#id" : 120, 
  "graph_id" : 119, 
  "status" : 0, 
  "estimate" : [ -0.847505152, -0.52982229, 0.0319896862, 61.8292198, 0.530435205, -0.847598016, 0.0146995448, 88.2687607, 0.0193262473, 0.0294263959, 0.999380052, -3.48316383, 0, 0, 0, 1 ]
 }

"VariableSE3QuaternionRightAD" : { 
  "#id" : 121, 
  "graph_id" : 120, 
  "status" : 0, 
  "estimate" : [ -0.841408432, -0.539986312, 0.0211334713, 60.4289703, 0.54019326, -0.841524482, 0.0052742823, 89.1382141, 0.0149362925, 0.0158539843, 0.999762774, -3.48920941, 0, 0, 0, 1 ]
 }

"VariableSE3QuaternionRightAD" : { 
  "#id" : 122, 
  "graph_id" : 121, 
  "status" : 0, 
  "estimate" : [ -0.828641593, -0.559341729, -0.0221326891, 59.4295158, 0.558197618, -0.828624249, 0.0423938185, 89.7815552, -0.0420523174, 0.0227748677, 0.998855829, -3.49280405, 0, 0, 0, 1 ]
 }

"VariableSE3QuaternionRightAD" : { 
  "#id" : 123, 
  "graph_id" : 122, 
  "status" : 0, 
  "estimate" : [ -0.867522299, -0.496735275, -0.0256744102, 58.3655548, 0.494554222, -0.866923988, 0.0621207505, 90.443306, -0.0531153269, 0.041193746, 0.997738421, -3.49796343, 0, 0, 0, 1 ]
 }

"VariableSE3QuaternionRightAD" : { 
  "#id" : 124, 
  "graph_id" : 123, 
  "status" : 0, 
  "estimate" : [ -0.898755193, -0.436213851, 0.0442330763, 57.0402794, 0.437884331, -0.898141146, 0.0399977602, 91.1511536, 0.0222799703, 0.0553171635, 0.998220205, -3.5158217, 0, 0, 0, 1 ]
 }

"VariableSE3QuaternionRightAD" : { 
  "#id" : 125, 
  "graph_id" : 124, 
  "status" : 0, 
  "estimate" : [ -0.89271909, -0.445101202, 0.070267193, 55.5269165, 0.446585298, -0.89471972, 0.00618239958, 91.8996277, 0.0601176471, 0.0368994437, 0.997509062, -3.54581046, 0, 0, 0, 1 ]
 }

"VariableSE3QuaternionRightAD" : { 
  "#id" : 126, 
  "graph_id" : 125, 
  "status" : 0, 
  "estimate" : [ -0.89038831, -0.452881694, 0.0459009968, 54.3372574, 0.453663021, -0.891139686, 0.00774262054, 92.4964218, 0.0373977087, 0.0277175233, 0.99891603, -3.57602715, 0, 0, 0, 1 ]
 }

"VariableSE3QuaternionRightAD" : { 
  "#id" : 127, 
  "graph_id" : 126, 
  "status" : 0, 
  "estimate" : [ -0.882236362, -0.459621817, 0.102013469, 53.1446495, 0.462886482, -0.886365235, 0.00963069126, 93.1116028, 0.0859947205, 0.0557172, 0.994736433, -3.61003876, 0, 0, 0, 1 ]
 }

"VariableSE3QuaternionRightAD" : { 
  "#id" : 128, 
  "graph_id" : 127, 
  "status" : 0, 
  "estimate" : [ -0.874909818, -0.46074152, 0.149164587, 52.413269, 0.465739697, -0.884920359, -0.00160407787, 93.5012131, 0.13273783, 0.0680684447, 0.988811076, -3.62592769, 0, 0, 0, 1 ]
 }

"VariableSE3QuaternionRightAD" : { 
  "#id" : 129, 
  "graph_id" : 128, 
  "status" : 0, 
  "estimate" : [ -0.877981067, -0.477915674, 0.0273076668, 52.5451622, 0.477991253, -0.878354907, -0.00411262084, 93.4285126, 0.025951311, 0.009442023, 0.99961859, -3.62332916, 0, 0, 0, 1 ]
 }

"VariableSE3QuaternionRightAD" : { 
  "#id" : 130, 
  "graph_id" : 129, 
  "status" : 0, 
  "estimate" : [ -0.877861977, -0.478637129, 0.0162750576, 52.5700531, 0.478651375, -0.877999008, -0.0032615189, 93.4145813, 0.0158505701, 0.00492691528, 0.999862254, -3.62282181, 0, 0, 0, 1 ]
 }

"VariableSE3QuaternionRightAD" : { 
  "#id" : 131, 
  "graph_id" : 130, 
  "status" : 0, 
  "estimate" : [ -0.881033063, -0.472056448, 0.0307167098, 52.4800835, 0.472124159, -0.881515145, -0.00546674803, 93.4647446, 0.0296578575, 0.00968571566, 0.999513149, -3.62463188, 0, 0, 0, 1 ]
 }

"VariableSE3QuaternionRightAD" : { 
  "#id" : 132, 
  "graph_id" : 131, 
  "status" : 0, 
  "estimate" : [ -0.918532789, -0.361551732, -0.159930825, 52.2108841, 0.366688788, -0.930339456, -0.00281259301, 93.5780029, -0.147773057, -0.0612282977, 0.987124205, -3.62923884, 0, 0, 0, 1 ]
 }

"VariableSE3QuaternionRightAD" : { 
  "#id" : 133, 
  "graph_id" : 132, 
  "status" : 0, 
  "estimate" : [ -0.936713994, -0.344960779, 0.0597404875, 50.675663, 0.345521331, -0.938410342, -0.0010057867, 94.1439056, 0.056408044, 0.0196994767, 0.99821341, -3.64407039, 0, 0, 0, 1 ]
 }

"VariableSE3QuaternionRightAD" : { 
  "#id" : 134, 
  "graph_id" : 133, 
  "status" : 0, 
  "estimate" : [ -0.922277153, -0.356622219, 0.14908208, 49.0207176, 0.362279952, -0.931995213, 0.0117541915, 94.764122, 0.134751961, 0.0648500696, 0.988754988, -3.63215709, 0, 0, 0, 1 ]
 }

"VariableSE3QuaternionRightAD" : { 
  "#id" : 135, 
  "graph_id" : 134, 
  "status" : 0, 
  "estimate" : [ -0.915519655, -0.391203552, 0.0937201306, 47.7553177, 0.390945107, -0.920154214, -0.0218697544, 95.2910461, 0.0947925001, 0.0166172329, 0.995358348, -3.608284, 0, 0, 0, 1 ]
 }

"VariableSE3QuaternionRightAD" : { 
  "#id" : 136, 
  "graph_id" : 135, 
  "status" : 0, 
  "estimate" : [ -0.936937928, -0.349198103, -0.0144216549, 46.890377, 0.349254042, -0.937026918, -0.00147874176, 95.6336899, -0.0129971057, -0.00642231014, 0.999894917, -3.59136796, 0, 0, 0, 1 ]
 }

"VariableSE3QuaternionRightAD" : { 
  "#id" : 137, 
  "graph_id" : 136, 
  "status" : 0, 
  "estimate" : [ -0.950611651, -0.299604714, 0.0810837448, 45.5401688, 0.300442725, -0.953797817, -0.00194864499, 96.078186, 0.0779213235, 0.0225086156, 0.996705413, -3.56392741, 0, 0, 0, 1 ]
 }

"VariableSE3QuaternionRightAD" : { 
  "#id" : 138, 
  "graph_id" : 137, 
  "status" : 0, 
  "estimate" : [ -0.972931027, -0.215325549, 0.0839055702, 44.1181793, 0.216230139, -0.97634083, 0.00173861848, 96.4711227, 0.0815460682, 0.01983447, 0.99647218, -3.54020405, 0, 0, 0, 1 ]
 }

"VariableSE3QuaternionRightAD" : { 
  "#id" : 139, 
  "graph_id" : 138, 
  "status" : 0, 
  "estimate" : [ -0.994833291, -0.0775032118, 0.0655748844, 42.7716255, 0.0773328841, -0.996992171, -0.00513548637, 96.6731415, 0.0657756701, -3.78573313e-05, 0.997834444, -3.53072882, 0, 0, 0, 1 ]
 }

"VariableSE3QuaternionRightAD" : { 
  "#id" : 140, 
  "graph_id" : 139, 
  "status" : 0, 
  "estimate" : [ -0.999388218, 0.00615814934, 0.0344257727, 41.5231247, -0.00623846473, -0.999978006, -0.00222607376, 96.7006302, 0.0344113074, -0.00243947608, 0.999404728, -3.53021646, 0, 0, 0, 1 ]
 }

"VariableSE3QuaternionRightAD" : { 
  "#id" : 141, 
  "graph_id" : 140, 
  "status" : 0, 
