"VariablePoint3AD" : { 
  "#id" : 1, 
  "graph_id" : 1, 
  "status" : 2, 
  "estimate" : [ 0, 0, 0 ]
 }

"VariablePoint3AD" : { 
  "#id" : 2, 
  "graph_id" : 2, 
  "status" : 2, 
  "estimate" : [ 0, 0, 0 ]
 }

"VariablePoint3AD" : { 
  "#id" : 3, 
  "graph_id" : 3, 
  "status" : 2, 
  "estimate" : [ 0, 0, 0 ]
 }

"VariablePoint3AD" : { 
  "#id" : 4, 
  "graph_id" : 5, 
  "status" : 0, 
  "estimate" : [ 2.00992727, 3.53032923, 0.0342310295 ]
 }

"VariableSE3ExpMapRightAD" : { 
  "#id" : 5, 
  "graph_id" : 0, 
  "status" : 2, 
  "estimate" : [ 0.707388222, -0.706825197, 0, 3.89711547, 0.706825197, 0.707388222, 0, 7.54507399, 0, 0, 1, 0.0247879028, 0, 0, 0, 1 ]
 }

"VariableSE3ExpMapRightAD" : { 
  "#id" : 6, 
  "graph_id" : 4, 
  "status" : 2, 
  "estimate" : [ 0.711972296, -0.70205313, 0.0147253294, 4.91463661, 0.701819658, 0.71211946, 0.0183045976, 9.38420486, -0.0233369954, -0.00269784033, 0.99972403, 0.0100714527, 0, 0, 0, 1 ]
 }

"VariablePoint3AD" : { 
  "#id" : 7, 
  "graph_id" : 6, 
  "status" : 0, 
  "estimate" : [ -0.00117586344, 0.000652084826, 0.000191836705 ]
 }

"VariablePoint3AD" : { 
  "#id" : 8, 
  "graph_id" : 7, 
  "status" : 0, 
  "estimate" : [ -0.00020842356, 7.80957853e-05, -0.000148931271 ]
 }

"VariablePoint3AD" : { 
  "#id" : 9, 
  "graph_id" : 10, 
  "status" : 0, 
  "estimate" : [ -0.0017815656, 0.0014202873, 0.000407846557 ]
 }

"VariablePoint3AD" : { 
  "#id" : 10, 
  "graph_id" : 11, 
  "status" : 0, 
  "estimate" : [ -0.000374829542, 0.000150481283, -0.000287695759 ]
 }

"VariablePoint3AD" : { 
  "#id" : 11, 
  "graph_id" : 9, 
  "status" : 0, 
  "estimate" : [ 3.43828773, 6.35338783, 0.00462340657 ]
 }

"VariablePoint3AD" : { 
  "#id" : 12, 
  "graph_id" : 14, 
  "status" : 0, 
  "estimate" : [ -0.00204048655, 0.00221790606, 0.000644283544 ]
 }

"VariableSE3ExpMapRightAD" : { 
  "#id" : 13, 
  "graph_id" : 8, 
  "status" : 0, 
  "estimate" : [ 0.703419805, -0.709813297, 0.0369540304, 7.69343424, 0.709693849, 0.704266369, 0.0185331367, 14.3995647, -0.0391805433, 0.0131894713, 0.999145091, 0.0198009126, 0, 0, 0, 1 ]
 }

"VariableSE3ExpMapRightAD" : { 
  "#id" : 14, 
  "graph_id" : 12, 
  "status" : 0, 
  "estimate" : [ 0.698615968, -0.714455247, 0.038594082, 11.5698223, 0.714124382, 0.69960016, 0.0242091101, 21.6591511, -0.0442967489, 0.0106481006, 0.998961687, -0.00547175854, 0, 0, 0, 1 ]
 }

"VariablePoint3AD" : { 
  "#id" : 15, 
  "graph_id" : 15, 
  "status" : 0, 
  "estimate" : [ -0.000517950335, 0.000214543805, -0.000419730262 ]
 }

"VariablePoint3AD" : { 
  "#id" : 16, 
  "graph_id" : 18, 
  "status" : 0, 
  "estimate" : [ -0.00211156788, 0.00298462017, 0.000886770955 ]
 }

"VariablePoint3AD" : { 
  "#id" : 17, 
  "graph_id" : 43, 
  "status" : 0, 
  "estimate" : [ -0.00109694607, 0.00028667922, -0.00118287746 ]
 }

"VariablePoint3AD" : { 
  "#id" : 18, 
  "graph_id" : 17, 
  "status" : 0, 
  "estimate" : [ 4.76802492, 8.89315414, -0.00878044683 ]
 }

"VariablePoint3AD" : { 
  "#id" : 19, 
  "graph_id" : 26, 
  "status" : 0, 
  "estimate" : [ -0.0021008777, 0.00427762326, 0.00136784976 ]
 }

"VariablePoint3AD" : { 
  "#id" : 20, 
  "graph_id" : 25, 
  "status" : 0, 
  "estimate" : [ 3.87763619, 7.94184494, 0.070792377 ]
 }

"VariablePoint3AD" : { 
  "#id" : 21, 
  "graph_id" : 13, 
  "status" : 0, 
  "estimate" : [ 4.21355009, 8.00718212, -0.0528043546 ]
 }

"VariablePoint3AD" : { 
  "#id" : 22, 
  "graph_id" : 22, 
  "status" : 0, 
  "estimate" : [ -0.00210743002, 0.00367927412, 0.00112964283 ]
 }

"VariablePoint3AD" : { 
  "#id" : 23, 
  "graph_id" : 23, 
  "status" : 0, 
  "estimate" : [ -0.000742521428, 0.000296106824, -0.000663644751 ]
 }

"VariablePoint3AD" : { 
  "#id" : 24, 
  "graph_id" : 19, 
  "status" : 0, 
  "estimate" : [ -0.000639418839, 0.000263754249, -0.000545061019 ]
 }

"VariablePoint3AD" : { 
  "#id" : 25, 
  "graph_id" : 110, 
  "status" : 0, 
  "estimate" : [ -3.95819807e-05, 0.00746155158, 0.00610201899 ]
 }

"VariableSE3ExpMapRightAD" : { 
  "#id" : 26, 
  "graph_id" : 36, 
  "status" : 0, 
  "estimate" : [ 0.999349415, -0.0110761998, 0.0343223438, 35.944294, 0.0111904964, 0.999932468, -0.00313977874, 64.6083603, -0.0342852436, 0.00352182006, 0.999405861, 0.210001603, 0, 0, 0, 1 ]
 }

"VariablePoint3AD" : { 
  "#id" : 27, 
  "graph_id" : 38, 
  "status" : 0, 
  "estimate" : [ -0.00222810591, 0.00542764924, 0.0020502212 ]
 }

"VariablePoint3AD" : { 
  "#id" : 28, 
  "graph_id" : 82, 
  "status" : 0, 
  "estimate" : [ -0.000500719238, 0.00645651901, 0.00449919887 ]
 }

"VariableSE3ExpMapRightAD" : { 
  "#id" : 29, 
  "graph_id" : 32, 
  "status" : 0, 
  "estimate" : [ 0.839164972, -0.542028487, 0.0448035151, 31.9508114, 0.542405069, 0.840105951, 0.00433139503, 60.7257309, -0.0399874449, 0.0206668992, 0.998986423, 0.206821337, 0, 0, 0, 1 ]
 }

"VariablePoint3AD" : { 
  "#id" : 30, 
  "graph_id" : 27, 
  "status" : 0, 
  "estimate" : [ -0.000831526297, 0.000311849552, -0.000776468602 ]
 }

"VariableSE3ExpMapRightAD" : { 
  "#id" : 31, 
  "graph_id" : 16, 
  "status" : 0, 
  "estimate" : [ 0.693205595, -0.718285739, 0.0594275258, 16.0907955, 0.718886614, 0.694977939, 0.0144132311, 30.140583, -0.0516536348, 0.0327303186, 0.998128593, 0.0119172055, 0, 0, 0, 1 ]
 }

"VariablePoint3AD" : { 
  "#id" : 32, 
  "graph_id" : 21, 
  "status" : 0, 
  "estimate" : [ 4.55092144, 8.79976749, 0.0580606163 ]
 }

"VariablePoint3AD" : { 
  "#id" : 33, 
  "graph_id" : 39, 
  "status" : 0, 
  "estimate" : [ -0.00104320387, 0.000295225967, -0.00108746486 ]
 }

"VariablePoint3AD" : { 
  "#id" : 34, 
  "graph_id" : 34, 
  "status" : 0, 
  "estimate" : [ -0.00219310005, 0.00515289092, 0.00182769273 ]
 }

"VariablePoint3AD" : { 
  "#id" : 35, 
  "graph_id" : 30, 
  "status" : 0, 
  "estimate" : [ -0.00213071704, 0.00477049965, 0.00160051044 ]
 }

"VariablePoint3AD" : { 
  "#id" : 36, 
  "graph_id" : 35, 
  "status" : 0, 
  "estimate" : [ -0.000981712947, 0.000305378431, -0.00098828203 ]
 }

"VariablePoint3AD" : { 
  "#id" : 37, 
  "graph_id" : 50, 
  "status" : 0, 
  "estimate" : [ -0.00191734266, 0.00596405799, 0.00270507974 ]
 }

"VariableSE3ExpMapRightAD" : { 
  "#id" : 38, 
  "graph_id" : 28, 
  "status" : 0, 
  "estimate" : [ 0.686672449, -0.725597858, 0.0445944257, 28.5889397, 0.726304531, 0.687372863, 0.000514457992, 54.7967644, -0.0310262851, 0.0320358686, 0.99900502, 0.144858539, 0, 0, 0, 1 ]
 }

"VariablePoint3AD" : { 
  "#id" : 39, 
  "graph_id" : 31, 
  "status" : 0, 
  "estimate" : [ -0.000910670613, 0.000313371245, -0.000884712674 ]
 }

"VariableSE3ExpMapRightAD" : { 
  "#id" : 40, 
  "graph_id" : 20, 
  "status" : 0, 
  "estimate" : [ 0.684381127, -0.727830112, 0.0434266329, 20.8003101, 0.727927029, 0.685456276, 0.0164925773, 39.0853577, -0.0417708531, 0.0203242097, 0.9989205, 0.00315609318, 0, 0, 0, 1 ]
 }

"VariableSE3ExpMapRightAD" : { 
  "#id" : 41, 
  "graph_id" : 24, 
  "status" : 0, 
  "estimate" : [ 0.67403698, -0.738026738, 0.0314750634, 25.0679283, 0.738084495, 0.674601555, 0.01200148, 47.5317268, -0.0300905388, 0.0151418149, 0.999432504, 0.0188661348, 0, 0, 0, 1 ]
 }

"VariablePoint3AD" : { 
  "#id" : 42, 
  "graph_id" : 37, 
  "status" : 0, 
  "estimate" : [ 4.21206856, 2.56847858, 0.00642567454 ]
 }

"VariablePoint3AD" : { 
  "#id" : 43, 
  "graph_id" : 98, 
  "status" : 0, 
  "estimate" : [ -0.000213166801, 0.00690214336, 0.00542778149 ]
 }

"VariablePoint3AD" : { 
  "#id" : 44, 
  "graph_id" : 58, 
  "status" : 0, 
  "estimate" : [ -0.00151926593, 0.00620224373, 0.00314251753 ]
 }

"VariablePoint3AD" : { 
  "#id" : 45, 
  "graph_id" : 51, 
  "status" : 0, 
  "estimate" : [ -0.00118818798, 0.000261804671, -0.00136279291 ]
 }

"VariableSE3ExpMapRightAD" : { 
  "#id" : 46, 
  "graph_id" : 40, 
  "status" : 0, 
  "estimate" : [ 0.885408521, 0.464412183, 0.0193156097, 40.0416489, -0.463853776, 0.885486066, -0.0274609104, 65.9745331, -0.029856883, 0.0153545048, 0.999436259, 0.207365215, 0, 0, 0, 1 ]
 }

"VariablePoint3AD" : { 
  "#id" : 47, 
  "graph_id" : 42, 
  "status" : 0, 
  "estimate" : [ -0.00218651444, 0.00563698402, 0.00227045128 ]
 }

"VariablePoint3AD" : { 
  "#id" : 48, 
  "graph_id" : 33, 
  "status" : 0, 
  "estimate" : [ 3.67501187, 5.11132765, 0.0168540683 ]
 }

"VariablePoint3AD" : { 
  "#id" : 49, 
  "graph_id" : 94, 
  "status" : 0, 
  "estimate" : [ -0.000276742969, 0.00675340276, 0.00519636041 ]
 }

"VariablePoint3AD" : { 
  "#id" : 50, 
  "graph_id" : 29, 
  "status" : 0, 
  "estimate" : [ 3.30594683, 6.63327837, 0.171049774 ]
 }

"VariablePoint3AD" : { 
  "#id" : 51, 
  "graph_id" : 95, 
  "status" : 0, 
  "estimate" : [ -0.00158640265, -0.0002525663, -0.00207557576 ]
 }

"VariableSE3ExpMapRightAD" : { 
  "#id" : 52, 
  "graph_id" : 48, 
  "status" : 0, 
  "estimate" : [ 0.721676707, 0.692079902, -0.0144273126, 49.0438728, -0.692206383, 0.721321881, -0.0233464353, 63.6601257, -0.00575086102, 0.0268352553, 0.999623299, 0.217608839, 0, 0, 0, 1 ]
 }

"VariablePoint3AD" : { 
  "#id" : 53, 
  "graph_id" : 162, 
  "status" : 0, 
  "estimate" : [ 0.000170523068, 0.0106229382, 0.00667699566 ]
 }

"VariablePoint3AD" : { 
  "#id" : 54, 
  "graph_id" : 59, 
  "status" : 0, 
  "estimate" : [ -0.00126312929, 0.000211525039, -0.00152551266 ]
 }

"VariablePoint3AD" : { 
  "#id" : 55, 
  "graph_id" : 41, 
  "status" : 0, 
  "estimate" : [ 4.00146294, 0.43600896, -0.0440074056 ]
 }

"VariableSE3ExpMapRightAD" : { 
  "#id" : 56, 
  "graph_id" : 56, 
  "status" : 0, 
  "estimate" : [ 0.747942209, 0.663584232, -0.015441048, 61.9880295, -0.663763344, 0.747710943, -0.0186174754, 56.4852524, -0.000808823446, 0.0241739992, 0.99970746, 0.235791609, 0, 0, 0, 1 ]
 }

"VariablePoint3AD" : { 
  "#id" : 57, 
  "graph_id" : 45, 
  "status" : 0, 
  "estimate" : [ 4.39318895, -1.1529882, 0.0865588337 ]
 }

"VariableSE3ExpMapRightAD" : { 
  "#id" : 58, 
  "graph_id" : 44, 
  "status" : 0, 
  "estimate" : [ 0.765585005, 0.643333018, 0.00149850606, 44.1749458, -0.643290222, 0.765557289, -0.00999084394, 65.6043243, -0.0075746323, 0.0066848658, 0.999948978, 0.205821633, 0, 0, 0, 1 ]
 }

"VariablePoint3AD" : { 
  "#id" : 59, 
  "graph_id" : 46, 
  "status" : 0, 
  "estimate" : [ -0.00207650987, 0.0058125169, 0.00248801406 ]
 }

"VariablePoint3AD" : { 
  "#id" : 60, 
  "graph_id" : 47, 
  "status" : 0, 
  "estimate" : [ -0.0011450497, 0.000276601291, -0.00127481087 ]
 }

"VariablePoint3AD" : { 
  "#id" : 61, 
  "graph_id" : 49, 
  "status" : 0, 
  "estimate" : [ 5.4373951, -2.70123625, 0.0103401495 ]
 }

"VariablePoint3AD" : { 
  "#id" : 62, 
  "graph_id" : 99, 
  "status" : 0, 
  "estimate" : [ -0.00162959995, -0.000301487831, -0.00212250836 ]
 }

"VariablePoint3AD" : { 
  "#id" : 63, 
  "graph_id" : 57, 
  "status" : 0, 
  "estimate" : [ 6.92306519, -3.91614318, 0.0631912872 ]
 }

"VariablePoint3AD" : { 
  "#id" : 64, 
  "graph_id" : 53, 
  "status" : 0, 
  "estimate" : [ 6.68829632, -3.75057673, -0.0278098509 ]
 }

"VariablePoint3AD" : { 
  "#id" : 65, 
  "graph_id" : 150, 
  "status" : 0, 
  "estimate" : [ 9.94789443e-05, 0.0100638522, 0.00696799764 ]
 }

"VariableSE3ExpMapRightAD" : { 
  "#id" : 66, 
  "graph_id" : 52, 
  "status" : 0, 
  "estimate" : [ 0.737948477, 0.67450726, -0.0217248257, 55.0919838, -0.674777448, 0.736984491, -0.039106831, 60.3511314, -0.0103669828, 0.0435182489, 0.99899888, 0.212625712, 0, 0, 0, 1 ]
 }

"VariablePoint3AD" : { 
  "#id" : 67, 
  "graph_id" : 54, 
  "status" : 0, 
  "estimate" : [ -0.00172661559, 0.00609389739, 0.00292322412 ]
 }

"VariablePoint3AD" : { 
  "#id" : 68, 
  "graph_id" : 55, 
  "status" : 0, 
  "estimate" : [ -0.00122718455, 0.000240487221, -0.00144633395 ]
 }

"VariablePoint3AD" : { 
  "#id" : 69, 
  "graph_id" : 61, 
  "status" : 0, 
  "estimate" : [ 6.45741558, -4.13518333, 0.0574295111 ]
 }

"VariableSE3ExpMapRightAD" : { 
  "#id" : 70, 
  "graph_id" : 60, 
  "status" : 0, 
  "estimate" : [ 0.71515584, 0.698948443, -0.00482085068, 68.7549744, -0.698958993, 0.715103805, -0.00910312869, 52.5040474, -0.00291520939, 0.0098797325, 0.999946952, 0.290505946, 0, 0, 0, 1 ]
 }

"VariablePoint3AD" : { 
  "#id" : 71, 
  "graph_id" : 62, 
  "status" : 0, 
  "estimate" : [ -0.00130685372, 0.00628928049, 0.00336317788 ]
 }

"VariablePoint3AD" : { 
  "#id" : 72, 
  "graph_id" : 63, 
  "status" : 0, 
  "estimate" : [ -0.00129649369, 0.000174833433, -0.00160066539 ]
 }

"VariablePoint3AD" : { 
  "#id" : 73, 
  "graph_id" : 65, 
  "status" : 0, 
  "estimate" : [ 5.41470051, -4.30603647, 0.057154566 ]
 }

"VariableSE3ExpMapRightAD" : { 
  "#id" : 74, 
  "graph_id" : 64, 
  "status" : 0, 
  "estimate" : [ 0.644735277, 0.764327884, -0.0109194899, 74.7200394, -0.764405549, 0.644683421, -0.00821097475, 48.2356567, 0.00076373684, 0.0136408228, 0.999906719, 0.329963803, 0, 0, 0, 1 ]
 }

"VariablePoint3AD" : { 
  "#id" : 75, 
  "graph_id" : 66, 
  "status" : 0, 
  "estimate" : [ -0.00109815982, 0.00635334384, 0.00358577212 ]
 }

"VariablePoint3AD" : { 
  "#id" : 76, 
  "graph_id" : 67, 
  "status" : 0, 
  "estimate" : [ -0.00132701744, 0.000131133667, -0.00167179992 ]
 }

"VariablePoint3AD" : { 
  "#id" : 77, 
  "graph_id" : 69, 
  "status" : 0, 
  "estimate" : [ 4.30369568, -3.46706057, 0.0157699008 ]
 }

"VariablePoint3AD" : { 
  "#id" : 78, 
  "graph_id" : 114, 
  "status" : 0, 
  "estimate" : [ 7.68608425e-06, 0.0076820259, 0.00631145388 ]
 }

"VariableSE3ExpMapRightAD" : { 
  "#id" : 79, 
  "graph_id" : 68, 
  "status" : 0, 
  "estimate" : [ 0.632786036, 0.77404815, -0.0207692385, 79.5956116, -0.774324834, 0.632497728, -0.0191767812, 44.2002716, -0.00170725712, 0.0282169357, 0.999600351, 0.368535787, 0, 0, 0, 1 ]
 }

"VariablePoint3AD" : { 
  "#id" : 80, 
  "graph_id" : 70, 
  "status" : 0, 
  "estimate" : [ -0.000901851221, 0.00639136694, 0.00381150399 ]
 }

"VariablePoint3AD" : { 
  "#id" : 81, 
  "graph_id" : 71, 
  "status" : 0, 
  "estimate" : [ -0.00135533523, 8.10895508e-05, -0.00173885492 ]
 }

"VariablePoint3AD" : { 
  "#id" : 82, 
  "graph_id" : 73, 
  "status" : 0, 
  "estimate" : [ 4.08669758, -1.92054176, 0.085371159 ]
 }

"VariableSE3ExpMapRightAD" : { 
  "#id" : 83, 
  "graph_id" : 72, 
  "status" : 0, 
  "estimate" : [ 0.78836298, 0.614872515, -0.0203879662, 83.5978012, -0.615148425, 0.788320959, -0.0119372606, 41.5463295, 0.00873236824, 0.0219525211, 0.999720871, 0.406100899, 0, 0, 0, 1 ]
 }

"VariablePoint3AD" : { 
  "#id" : 84, 
  "graph_id" : 74, 
  "status" : 0, 
  "estimate" : [ -0.000732030428, 0.00640558638, 0.00403873762 ]
 }

"VariablePoint3AD" : { 
  "#id" : 85, 
  "graph_id" : 75, 
  "status" : 0, 
  "estimate" : [ -0.00138393627, 2.52517129e-05, -0.00180218159 ]
 }

"VariablePoint3AD" : { 
  "#id" : 86, 
  "graph_id" : 77, 
  "status" : 0, 
  "estimate" : [ 4.36752653, 0.59994638, 0.0166112091 ]
 }

"VariableSE3ExpMapRightAD" : { 
  "#id" : 87, 
  "graph_id" : 96, 
  "status" : 0, 
  "estimate" : [ 0.836221457, -0.548232496, -0.0132203633, 111.453728, 0.54837203, 0.836153448, 0.0116416989, 61.8184967, 0.00467189448, -0.0169847161, 0.999844849, 0.484006613, 0, 0, 0, 1 ]
 }

"VariableSE3ExpMapRightAD" : { 
  "#id" : 88, 
  "graph_id" : 76, 
  "status" : 0, 
  "estimate" : [ 0.99540633, 0.0929464027, -0.0229600407, 87.8853989, -0.0933026522, 0.995525301, -0.0149632394, 40.7843933, 0.0214665197, 0.017036736, 0.999624431, 0.423814118, 0, 0, 0, 1 ]
 }

"VariablePoint3AD" : { 
  "#id" : 89, 
  "graph_id" : 78, 
  "status" : 0, 
  "estimate" : [ -0.000601219712, 0.00641708169, 0.00426841807 ]
 }

"VariablePoint3AD" : { 
  "#id" : 90, 
  "graph_id" : 79, 
  "status" : 0, 
  "estimate" : [ -0.001417313, -3.43535394e-05, -0.00186220894 ]
 }

"VariablePoint3AD" : { 
  "#id" : 91, 
  "graph_id" : 81, 
  "status" : 0, 
  "estimate" : [ 3.88602757, 3.20225501, -0.0864355266 ]
 }

"VariableSE3ExpMapRightAD" : { 
  "#id" : 92, 
  "graph_id" : 80, 
  "status" : 0, 
  "estimate" : [ 0.891604841, -0.452777386, 0.00578273972, 92.0406799, 0.452776223, 0.891622782, 0.00158161856, 42.7830582, -0.00587214343, 0.00120810838, 0.999981999, 0.476589352, 0, 0, 0, 1 ]
 }

"VariablePoint3AD" : { 
  "#id" : 93, 
  "graph_id" : 83, 
  "status" : 0, 
  "estimate" : [ -0.00145664823, -9.25027416e-05, -0.00191948784 ]
 }

"VariablePoint3AD" : { 
  "#id" : 94, 
  "graph_id" : 85, 
  "status" : 0, 
  "estimate" : [ 4.14621496, 4.19798946, -0.0851505622 ]
 }

"VariableSE3ExpMapRightAD" : { 
  "#id" : 95, 
  "graph_id" : 84, 
  "status" : 0, 
  "estimate" : [ 0.838727593, -0.544379115, -0.0136908134, 95.9368896, 0.544465423, 0.838776648, 0.00333765219, 46.593399, 0.00966658629, -0.0102535551, 0.999900699, 0.421446532, 0, 0, 0, 1 ]
 }

"VariablePoint3AD" : { 
  "#id" : 96, 
  "graph_id" : 86, 
  "status" : 0, 
  "estimate" : [ -0.000415805, 0.00652814982, 0.00473108282 ]
 }

"VariablePoint3AD" : { 
  "#id" : 97, 
  "graph_id" : 87, 
  "status" : 0, 
  "estimate" : [ -0.00149892969, -0.000147888029, -0.00197417825 ]
 }

"VariablePoint3AD" : { 
  "#id" : 98, 
  "graph_id" : 89, 
  "status" : 0, 
  "estimate" : [ 4.92610264, 4.68496513, -0.0722371265 ]
 }

"VariableSE3ExpMapRightAD" : { 
  "#id" : 99, 
  "graph_id" : 88, 
  "status" : 0, 
  "estimate" : [ 0.853859067, -0.520469248, -0.00604041247, 100.500565, 0.520447016, 0.85387975, -0.00493169716, 51.0398064, 0.00772458268, 0.00106725981, 0.999969602, 0.433974653, 0, 0, 0, 1 ]
 }

"VariablePoint3AD" : { 
  "#id" : 100, 
  "graph_id" : 90, 
  "status" : 0, 
  "estimate" : [ -0.000342989253, 0.00662776502, 0.00496380916 ]
 }

"VariablePoint3AD" : { 
  "#id" : 101, 
  "graph_id" : 91, 
  "status" : 0, 
  "estimate" : [ -0.00154252117, -0.000201330622, -0.00202615676 ]
 }

"VariablePoint3AD" : { 
  "#id" : 102, 
  "graph_id" : 93, 
  "status" : 0, 
  "estimate" : [ 5.55238485, 5.42199755, 0.067564413 ]
 }

"VariableSE3ExpMapRightAD" : { 
  "#id" : 103, 
  "graph_id" : 92, 
  "status" : 0, 
  "estimate" : [ 0.839121878, -0.5438357, -0.0108275143, 105.754311, 0.543834686, 0.839185894, -0.00330094364, 56.1013718, 0.0108814696, -0.00311848335, 0.999935925, 0.446187794, 0, 0, 0, 1 ]
 }

"VariablePoint3AD" : { 
  "#id" : 104, 
  "graph_id" : 97, 
  "status" : 0, 
  "estimate" : [ 5.82106781, 5.90396214, 0.0756914094 ]
 }

"VariableSE3ExpMapRightAD" : { 
  "#id" : 105, 
  "graph_id" : 112, 
  "status" : 0, 
  "estimate" : [ 0.779320538, -0.626623273, 0.00167460227, 132.77594, 0.626625478, 0.779317379, -0.00221550814, 85.0120087, 8.32420701e-05, 0.00277593941, 0.999996126, 0.590692759, 0, 0, 0, 1 ]
 }

"VariablePoint3AD" : { 
  "#id" : 106, 
  "graph_id" : 115, 
  "status" : 0, 
  "estimate" : [ -0.0017814975, -0.00047346545, -0.00228437479 ]
 }

"VariablePoint3AD" : { 
  "#id" : 107, 
  "graph_id" : 101, 
  "status" : 0, 
  "estimate" : [ 5.707582, 5.72867823, -0.0493172333 ]
 }

"VariablePoint3AD" : { 
  "#id" : 108, 
  "graph_id" : 146, 
  "status" : 0, 
  "estimate" : [ 9.30224778e-05, 0.00982160866, 0.00703221373 ]
 }

"VariableSE3ExpMapRightAD" : { 
  "#id" : 109, 
  "graph_id" : 100, 
  "status" : 0, 
  "estimate" : [ 0.842121661, -0.539239109, -0.00723256869, 117.278816, 0.539282322, 0.842096925, 0.00688169105, 67.6418686, 0.00237964722, -0.00969561841, 0.999950171, 0.542878985, 0, 0, 0, 1 ]
 }

"VariablePoint3AD" : { 
  "#id" : 110, 
  "graph_id" : 102, 
  "status" : 0, 
  "estimate" : [ -0.000151832297, 0.0070709181, 0.00565728499 ]
 }

"VariablePoint3AD" : { 
  "#id" : 111, 
  "graph_id" : 103, 
  "status" : 0, 
  "estimate" : [ -0.0016714267, -0.000348148838, -0.00216685538 ]
 }

"VariablePoint3AD" : { 
  "#id" : 112, 
  "graph_id" : 105, 
  "status" : 0, 
  "estimate" : [ 5.37881422, 5.71076393, 0.0745502859 ]
 }

"VariablePoint3AD" : { 
  "#id" : 113, 
  "graph_id" : 151, 
  "status" : 0, 
  "estimate" : [ -0.00182210619, -0.000691550609, -0.00249925023 ]
 }

"VariableSE3ExpMapRightAD" : { 
  "#id" : 114, 
  "graph_id" : 104, 
  "status" : 0, 
  "estimate" : [ 0.834225595, -0.551417768, -0.00246394821, 122.846977, 0.55139339, 0.834218621, -0.00668274844, 73.3581009, 0.00574045721, 0.00421631522, 0.999974668, 0.577927709, 0, 0, 0, 1 ]
 }

"VariablePoint3AD" : { 
  "#id" : 115, 
  "graph_id" : 106, 
  "status" : 0, 
  "estimate" : [ -9.34177951e-05, 0.00725767436, 0.00588271767 ]
 }

"VariablePoint3AD" : { 
  "#id" : 116, 
  "graph_id" : 107, 
  "status" : 0, 
  "estimate" : [ -0.00171119277, -0.000392395072, -0.00220863451 ]
 }

"VariablePoint3AD" : { 
  "#id" : 117, 
  "graph_id" : 109, 
  "status" : 0, 
  "estimate" : [ 4.97177935, 5.71405649, 0.0182586703 ]
 }

"VariablePoint3AD" : { 
  "#id" : 118, 
  "graph_id" : 127, 
  "status" : 0, 
  "estimate" : [ -0.00185175927, -0.000576135586, -0.00237841695 ]
 }

"VariableSE3ExpMapRightAD" : { 
  "#id" : 119, 
  "graph_id" : 108, 
  "status" : 0, 
  "estimate" : [ 0.816053689, -0.577961564, -0.00410304219, 127.996674, 0.577904701, 0.816043913, -0.00992378686, 79.0968628, 0.00908382889, 0.00572717516, 0.999942362, 0.629079044, 0, 0, 0, 1 ]
 }

"VariablePoint3AD" : { 
  "#id" : 120, 
  "graph_id" : 111, 
  "status" : 0, 
  "estimate" : [ -0.00174812472, -0.000434199785, -0.0022478078 ]
 }

"VariablePoint3AD" : { 
  "#id" : 121, 
  "graph_id" : 113, 
  "status" : 0, 
  "estimate" : [ 4.63009071, 6.19896936, -0.0221318137 ]
 }

"VariableSE3ExpMapRightAD" : { 
  "#id" : 122, 
  "graph_id" : 124, 
  "status" : 0, 
  "estimate" : [ 0.64948535, -0.759671807, 0.0326732099, 145.361191, 0.760050237, 0.649863124, 0.00126019132, 105.042686, -0.022190446, 0.0240148064, 0.999465287, 0.140421122, 0, 0, 0, 1 ]
 }

"VariablePoint3AD" : { 
  "#id" : 123, 
  "graph_id" : 126, 
  "status" : 0, 
  "estimate" : [ 9.58712699e-05, 0.00844084192, 0.00683315424 ]
 }

"VariablePoint3AD" : { 
  "#id" : 124, 
  "graph_id" : 226, 
  "status" : 0, 
  "estimate" : [ -0.000916583522, 0.0112420665, 0.00525848567 ]
 }

"VariablePoint3AD" : { 
  "#id" : 125, 
  "graph_id" : 158, 
  "status" : 0, 
  "estimate" : [ 0.000140768461, 0.010467615, 0.00678371359 ]
 }

"VariablePoint3AD" : { 
  "#id" : 126, 
  "graph_id" : 117, 
  "status" : 0, 
  "estimate" : [ 4.27588129, 6.61067629, -0.179062307 ]
 }

"VariableSE3ExpMapRightAD" : { 
  "#id" : 127, 
  "graph_id" : 116, 
  "status" : 0, 
  "estimate" : [ 0.730300963, -0.683121979, -0.00220455113, 137.26326, 0.683103859, 0.730248392, 0.0103146126, 91.4346771, -0.00543626817, -0.0090387091, 0.999944389, 0.526161432, 0, 0, 0, 1 ]
 }

"VariablePoint3AD" : { 
  "#id" : 128, 
  "graph_id" : 118, 
  "status" : 0, 
  "estimate" : [ 4.6896479e-05, 0.00791940093, 0.00650699483 ]
 }

"VariablePoint3AD" : { 
  "#id" : 129, 
  "graph_id" : 119, 
  "status" : 0, 
  "estimate" : [ -0.00181037188, -0.000510332, -0.00231833174 ]
 }

"VariablePoint3AD" : { 
  "#id" : 130, 
  "graph_id" : 121, 
  "status" : 0, 
  "estimate" : [ 4.05174589, 6.75637388, -0.119867705 ]
 }

"VariableSE3ExpMapRightAD" : { 
  "#id" : 131, 
  "graph_id" : 120, 
  "status" : 0, 
  "estimate" : [ 0.697418988, -0.71666348, 0.000464969169, 141.426056, 0.716646492, 0.69740659, 0.00647275476, 98.0893402, -0.00496305991, -0.0041810032, 0.99997896, 0.364998341, 0, 0, 0, 1 ]
 }

"VariablePoint3AD" : { 
  "#id" : 132, 
  "graph_id" : 122, 
  "status" : 0, 
  "estimate" : [ 7.6404991e-05, 0.00817312952, 0.00668321922 ]
 }

"VariablePoint3AD" : { 
  "#id" : 133, 
  "graph_id" : 123, 
  "status" : 0, 
  "estimate" : [ -0.0018340589, -0.000544624578, -0.00234961254 ]
 }

"VariablePoint3AD" : { 
  "#id" : 134, 
  "graph_id" : 125, 
  "status" : 0, 
  "estimate" : [ 3.75802445, 7.16405344, -0.291338027 ]
 }

"VariablePoint3AD" : { 
  "#id" : 135, 
  "graph_id" : 129, 
  "status" : 0, 
  "estimate" : [ 3.80668998, 7.10953236, -0.444081992 ]
 }

"VariableSE3ExpMapRightAD" : { 
  "#id" : 136, 
  "graph_id" : 128, 
  "status" : 0, 
  "estimate" : [ 0.633714199, -0.773232639, 0.0227495693, 149.111053, 0.773567259, 0.633430839, -0.0189493634, 112.220047, 0.000241989837, 0.0296068005, 0.999561608, -0.22571893, 0, 0, 0, 1 ]
 }

"VariablePoint3AD" : { 
  "#id" : 137, 
  "graph_id" : 130, 
  "status" : 0, 
  "estimate" : [ 0.000105379877, 0.00871894043, 0.00695052464 ]
 }

"VariablePoint3AD" : { 
  "#id" : 138, 
  "graph_id" : 131, 
  "status" : 0, 
  "estimate" : [ -0.00186293386, -0.00060473854, -0.00240468187 ]
 }

"VariablePoint3AD" : { 
  "#id" : 139, 
  "graph_id" : 133, 
  "status" : 0, 
  "estimate" : [ 3.64075589, 6.95316935, -0.46156013 ]
 }

"VariablePoint3AD" : { 
  "#id" : 140, 
  "graph_id" : 174, 
  "status" : 0, 
  "estimate" : [ 0.00014263195, 0.0109666949, 0.00634155609 ]
 }

"VariableSE3ExpMapRightAD" : { 
  "#id" : 141, 
  "graph_id" : 132, 
  "status" : 0, 
  "estimate" : [ 0.624049783, -0.780975997, 0.0252655502, 152.819, 0.781341255, 0.624029398, -0.00965310913, 119.307312, -0.00822759978, 0.0257650372, 0.999634206, -0.613625228, 0, 0, 0, 1 ]
 }

"VariablePoint3AD" : { 
  "#id" : 142, 
  "graph_id" : 134, 
  "status" : 0, 
  "estimate" : [ 0.000105980602, 0.00900198333, 0.00702998647 ]
 }

"VariablePoint3AD" : { 
  "#id" : 143, 
  "graph_id" : 135, 
  "status" : 0, 
  "estimate" : [ -0.00186728931, -0.000629922841, -0.00242857332 ]
 }

"VariablePoint3AD" : { 
  "#id" : 144, 
  "graph_id" : 137, 
  "status" : 0, 
  "estimate" : [ 3.49016213, 6.36658239, -0.175494194 ]
 }

"VariableSE3ExpMapRightAD" : { 
  "#id" : 145, 
  "graph_id" : 136, 
  "status" : 0, 
  "estimate" : [ 0.620149434, -0.784426808, 0.00945325755, 156.357758, 0.784483016, 0.620087028, -0.00886443909, 125.964989, 0.00109166151, 0.0129131954, 0.999916017, -1.04801726, 0, 0, 0, 1 ]
 }

"VariablePoint3AD" : { 
  "#id" : 146, 
  "graph_id" : 138, 
  "status" : 0, 
  "estimate" : [ 0.000101220649, 0.00928451307, 0.0070687416 ]
 }

"VariablePoint3AD" : { 
  "#id" : 147, 
  "graph_id" : 139, 
  "status" : 0, 
  "estimate" : [ -0.00186485285, -0.000651456474, -0.00244986615 ]
 }

"VariablePoint3AD" : { 
  "#id" : 148, 
  "graph_id" : 141, 
  "status" : 0, 
  "estimate" : [ 3.41557312, 5.92908287, 0.410022497 ]
 }

"VariableSE3ExpMapRightAD" : { 
  "#id" : 149, 
  "graph_id" : 140, 
  "status" : 0, 
  "estimate" : [ 0.648362458, -0.760926723, -0.0248322301, 159.819244, 0.760756612, 0.648795485, -0.0177131388, 132.100342, 0.0295894388, -0.00740675069, 0.999534667, -0.923671722, 0, 0, 0, 1 ]
 }

"VariablePoint3AD" : { 
  "#id" : 150, 
  "graph_id" : 142, 
  "status" : 0, 
  "estimate" : [ 9.49888781e-05, 0.0095599629, 0.00706791366 ]
 }

"VariablePoint3AD" : { 
  "#id" : 151, 
  "graph_id" : 143, 
  "status" : 0, 
  "estimate" : [ -0.00185597141, -0.000668988738, -0.00246873801 ]
 }

"VariablePoint3AD" : { 
  "#id" : 152, 
  "graph_id" : 145, 
  "status" : 0, 
  "estimate" : [ 3.40978837, 5.54867649, 0.387968719 ]
 }

"VariableSE3ExpMapRightAD" : { 
  "#id" : 153, 
  "graph_id" : 144, 
  "status" : 0, 
  "estimate" : [ 0.675487697, -0.737357318, -0.00453091506, 163.229507, 0.737266362, 0.675482571, -0.0127133401, 137.755844, 0.0124348281, 0.00524721434, 0.999908924, -0.438729823, 0, 0, 0, 1 ]
 }

"VariablePoint3AD" : { 
  "#id" : 154, 
  "graph_id" : 147, 
  "status" : 0, 
  "estimate" : [ -0.00184153276, -0.000682122656, -0.00248525571 ]
 }

"VariablePoint3AD" : { 
  "#id" : 155, 
  "graph_id" : 149, 
  "status" : 0, 
  "estimate" : [ 3.33068681, 5.70544386, 0.135176703 ]
 }

"VariableSE3ExpMapRightAD" : { 
  "#id" : 156, 
  "graph_id" : 148, 
  "status" : 0, 
  "estimate" : [ 0.654159725, -0.75633359, 0.00587307289, 166.615326, 0.756349564, 0.654167056, -0.000833945291, 143.360672, -0.00321123051, 0.0049876296, 0.999982417, -0.118314154, 0, 0, 0, 1 ]
 }

"VariablePoint3AD" : { 
  "#id" : 157, 
  "graph_id" : 153, 
  "status" : 0, 
  "estimate" : [ 3.32317376, 5.65835333, 0.146926999 ]
 }

"VariableSE3ExpMapRightAD" : { 
  "#id" : 158, 
  "graph_id" : 152, 
  "status" : 0, 
  "estimate" : [ 0.638912618, -0.768637359, 0.0314210691, 169.994629, 0.769211173, 0.637778938, -0.0393987894, 149.076813, 0.010243685, 0.0493418165, 0.998729408, 0.0155308535, 0, 0, 0, 1 ]
 }

"VariablePoint3AD" : { 
  "#id" : 159, 
  "graph_id" : 154, 
  "status" : 0, 
  "estimate" : [ 0.000115733877, 0.0102805076, 0.00688282819 ]
 }

"VariablePoint3AD" : { 
  "#id" : 160, 
  "graph_id" : 155, 
  "status" : 0, 
  "estimate" : [ -0.00179842417, -0.000697892916, -0.00251080701 ]
 }

"VariablePoint3AD" : { 
  "#id" : 161, 
  "graph_id" : 157, 
  "status" : 0, 
  "estimate" : [ 2.88968039, 4.98976278, 0.154622972 ]
 }

"VariablePoint3AD" : { 
  "#id" : 162, 
  "graph_id" : 214, 
  "status" : 0, 
  "estimate" : [ -0.000702356861, 0.01143564, 0.00547666475 ]
 }

"VariableSE3ExpMapRightAD" : { 
  "#id" : 163, 
  "graph_id" : 156, 
  "status" : 0, 
  "estimate" : [ 0.633865952, -0.77232188, 0.041627463, 173.148026, 0.773398697, 0.632335305, -0.0447947383, 154.498474, 0.00827344507, 0.0605884865, 0.998128533, 0.127866924, 0, 0, 0, 1 ]
 }

"VariablePoint3AD" : { 
  "#id" : 164, 
  "graph_id" : 159, 
  "status" : 0, 
  "estimate" : [ -0.00177159312, -0.000701341487, -0.00252019358 ]
 }

"VariablePoint3AD" : { 
  "#id" : 165, 
  "graph_id" : 161, 
  "status" : 0, 
  "estimate" : [ 1.68577957, 4.00481033, 0.0132708354 ]
 }

"VariableSE3ExpMapRightAD" : { 
  "#id" : 166, 
  "graph_id" : 160, 
  "status" : 0, 
  "estimate" : [ 0.549166381, -0.833390355, 0.0622646473, 175.448013, 0.835637689, 0.546589732, -0.0543079227, 158.849258, 0.0112264827, 0.0818547681, 0.996581018, 0.143606082, 0, 0, 0, 1 ]
 }

"VariablePoint3AD" : { 
  "#id" : 167, 
  "graph_id" : 163, 
  "status" : 0, 
  "estimate" : [ -0.0017427064, -0.000702193414, -0.00252755452 ]
 }

"VariablePoint3AD" : { 
  "#id" : 168, 
  "graph_id" : 165, 
  "status" : 0, 
  "estimate" : [ -0.286898315, 3.73957992, 0.00823358074 ]
 }

"VariablePoint3AD" : { 
  "#id" : 169, 
  "graph_id" : 178, 
  "status" : 0, 
  "estimate" : [ 8.43813032e-05, 0.0110798292, 0.00623286841 ]
 }

"VariableSE3ExpMapRightAD" : { 
  "#id" : 170, 
  "graph_id" : 164, 
  "status" : 0, 
  "estimate" : [ 0.162285537, -0.986685097, 0.0107678995, 176.223938, 0.986152411, 0.161800832, -0.0363857299, 162.756775, 0.0341590047, 0.0165236667, 0.999279797, 0.143765345, 0, 0, 0, 1 ]
 }

"VariablePoint3AD" : { 
  "#id" : 171, 
  "graph_id" : 166, 
  "status" : 0, 
  "estimate" : [ 0.000189177197, 0.0107477726, 0.0065668365 ]
 }

"VariablePoint3AD" : { 
  "#id" : 172, 
  "graph_id" : 167, 
  "status" : 0, 
  "estimate" : [ -0.00171177264, -0.000701556099, -0.0025329839 ]
 }

"VariablePoint3AD" : { 
  "#id" : 173, 
  "graph_id" : 169, 
  "status" : 0, 
  "estimate" : [ -2.19656062, 3.08401608, -0.247223914 ]
 }

"VariableSE3ExpMapRightAD" : { 
  "#id" : 174, 
  "graph_id" : 168, 
  "status" : 0, 
  "estimate" : [ -0.377577543, -0.925799906, -0.0181588698, 174.931534, 0.925858915, -0.377770841, 0.00862901751, 166.192444, -0.0148486365, -0.0135544296, 0.999797881, 0.0915239453, 0, 0, 0, 1 ]
 }

"VariablePoint3AD" : { 
  "#id" : 175, 
  "graph_id" : 170, 
  "status" : 0, 
  "estimate" : [ 0.000180088726, 0.0108565846, 0.00645363005 ]
 }

"VariablePoint3AD" : { 
  "#id" : 176, 
  "graph_id" : 171, 
  "status" : 0, 
  "estimate" : [ -0.00167869462, -0.000700445613, -0.0025363306 ]
 }

"VariablePoint3AD" : { 
  "#id" : 177, 
  "graph_id" : 173, 
  "status" : 0, 
  "estimate" : [ -4.43044043, 2.71411276, -0.203357309 ]
 }

"VariableSE3ExpMapRightAD" : { 
  "#id" : 178, 
  "graph_id" : 172, 
  "status" : 0, 
  "estimate" : [ -0.730621397, -0.682736874, -0.0079244161, 171.535782, 0.682778239, -0.730610013, -0.00479254127, 169.116867, -0.00251761288, -0.00891215168, 0.999957144, -0.115795888, 0, 0, 0, 1 ]
 }

"VariablePoint3AD" : { 
  "#id" : 179, 
  "graph_id" : 175, 
  "status" : 0, 
  "estimate" : [ -0.00164313056, -0.000698588381, -0.00253795786 ]
 }

"VariablePoint3AD" : { 
  "#id" : 180, 
  "graph_id" : 177, 
  "status" : 0, 
  "estimate" : [ -5.91956758, 3.13115144, -0.13181521 ]
 }

"VariableSE3ExpMapRightAD" : { 
  "#id" : 181, 
  "graph_id" : 176, 
  "status" : 0, 
  "estimate" : [ -0.788573384, -0.614869595, -0.00935053173, 166.33931, 0.614938855, -0.788443208, -0.0144067658, 171.903534, 0.001485919, -0.0171107985, 0.999852538, -0.268963188, 0, 0, 0, 1 ]
 }

"VariablePoint3AD" : { 
  "#id" : 182, 
  "graph_id" : 179, 
  "status" : 0, 
  "estimate" : [ -0.00160472922, -0.000695084571, -0.00253795879 ]
 }

"VariablePoint3AD" : { 
  "#id" : 183, 
  "graph_id" : 181, 
  "status" : 0, 
  "estimate" : [ -7.28052568, 4.21308947, -0.0760145485 ]
 }

"VariablePoint3AD" : { 
  "#id" : 184, 
  "graph_id" : 198, 
  "status" : 0, 
  "estimate" : [ -0.000339825259, 0.0114960112, 0.00577438762 ]
 }

"VariableSE3ExpMapRightAD" : { 
  "#id" : 185, 
  "graph_id" : 180, 
  "status" : 0, 
  "estimate" : [ -0.783656359, -0.621184051, 0.00361144799, 159.698227, 0.621163547, -0.783662081, -0.00543519389, 175.595963, 0.00620641094, -0.00201602443, 0.999978721, -0.381658942, 0, 0, 0, 1 ]
 }

"VariablePoint3AD" : { 
  "#id" : 186, 
  "graph_id" : 182, 
  "status" : 0, 
  "estimate" : [ 1.15969106e-05, 0.0111900456, 0.00612904923 ]
 }

"VariablePoint3AD" : { 
  "#id" : 187, 
  "graph_id" : 183, 
  "status" : 0, 
  "estimate" : [ -0.00156363833, -0.000688772066, -0.00253626518 ]
 }

"VariablePoint3AD" : { 
  "#id" : 188, 
  "graph_id" : 185, 
  "status" : 0, 
  "estimate" : [ -7.37286043, 4.17025328, -0.0767399818 ]
 }

"VariableSE3ExpMapRightAD" : { 
  "#id" : 189, 
  "graph_id" : 184, 
  "status" : 0, 
  "estimate" : [ -0.79103446, -0.611768961, -0.00179059012, 152.329773, 0.611642003, -0.790923774, 0.0182658564, 179.861526, -0.0125907045, 0.0133537222, 0.999831557, -0.442559808, 0, 0, 0, 1 ]
 }

"VariablePoint3AD" : { 
  "#id" : 190, 
  "graph_id" : 186, 
  "status" : 0, 
  "estimate" : [ -7.02223915e-05, 0.01129176, 0.00603101403 ]
 }

"VariablePoint3AD" : { 
  "#id" : 191, 
  "graph_id" : 187, 
  "status" : 0, 
  "estimate" : [ -0.00152020773, -0.000679192133, -0.00253285863 ]
 }

"VariablePoint3AD" : { 
  "#id" : 192, 
  "graph_id" : 189, 
  "status" : 0, 
  "estimate" : [ -7.25733995, 3.86351657, -0.00241838745 ]
 }

"VariableSE3ExpMapRightAD" : { 
  "#id" : 193, 
  "graph_id" : 188, 
  "status" : 0, 
  "estimate" : [ -0.801909328, -0.5974437, 0.00156564754, 144.982925, 0.597445667, -0.801905334, 0.00253969757, 183.852829, -0.000261825189, 0.00297199655, 0.99999553, -0.544550955, 0, 0, 0, 1 ]
 }

"VariablePoint3AD" : { 
  "#id" : 194, 
  "graph_id" : 190, 
  "status" : 0, 
  "estimate" : [ -0.000157546485, 0.0113798343, 0.00593935372 ]
 }

"VariablePoint3AD" : { 
  "#id" : 195, 
  "graph_id" : 191, 
  "status" : 0, 
  "estimate" : [ -0.00147482252, -0.00066631136, -0.002527782 ]
 }

"VariablePoint3AD" : { 
  "#id" : 196, 
  "graph_id" : 193, 
  "status" : 0, 
  "estimate" : [ -6.8465066, 3.79596996, 0.0208013617 ]
 }

"VariableSE3ExpMapRightAD" : { 
  "#id" : 197, 
  "graph_id" : 192, 
  "status" : 0, 
  "estimate" : [ -0.795308352, -0.606130421, 0.0095148189, 137.953033, 0.606167257, -0.794985414, 0.0236524865, 187.70105, -0.00677234959, 0.0245785937, 0.999674976, -0.54406631, 0, 0, 0, 1 ]
 }

"VariablePoint3AD" : { 
  "#id" : 198, 
  "graph_id" : 194, 
  "status" : 0, 
  "estimate" : [ -0.000247788703, 0.0114492504, 0.00585409487 ]
 }

"VariablePoint3AD" : { 
  "#id" : 199, 
  "graph_id" : 195, 
  "status" : 0, 
  "estimate" : [ -0.00142824417, -0.000650002388, -0.00252108183 ]
 }

"VariablePoint3AD" : { 
  "#id" : 200, 
  "graph_id" : 197, 
  "status" : 0, 
  "estimate" : [ -6.67848969, 3.44066811, 0.023424441 ]
 }

"VariableSE3ExpMapRightAD" : { 
  "#id" : 201, 
  "graph_id" : 196, 
  "status" : 0, 
  "estimate" : [ -0.815896392, -0.578198075, -0.00024019822, 131.211777, 0.578132629, -0.815810144, 0.0147125078, 191.335876, -0.0087026991, 0.0118650151, 0.999891758, -0.569517016, 0, 0, 0, 1 ]
 }

"VariablePoint3AD" : { 
  "#id" : 202, 
  "graph_id" : 199, 
  "status" : 0, 
  "estimate" : [ -0.00138130307, -0.000630237337, -0.00251280749 ]
 }

"VariablePoint3AD" : { 
  "#id" : 203, 
  "graph_id" : 201, 
  "status" : 0, 
  "estimate" : [ -5.84568644, 2.85612011, 0.00223753764 ]
 }

"VariableSE3ExpMapRightAD" : { 
  "#id" : 204, 
  "graph_id" : 200, 
  "status" : 0, 
  "estimate" : [ -0.824629068, -0.565218806, -0.0226858146, 124.777313, 0.565516174, -0.824682891, -0.00946621876, 194.528595, -0.013358118, -0.0206353124, 0.999697804, -0.583647609, 0, 0, 0, 1 ]
 }

"VariablePoint3AD" : { 
  "#id" : 205, 
  "graph_id" : 202, 
  "status" : 0, 
  "estimate" : [ -0.000434217975, 0.0115171298, 0.00569730904 ]
 }

"VariablePoint3AD" : { 
  "#id" : 206, 
  "graph_id" : 203, 
  "status" : 0, 
  "estimate" : [ -0.00133478607, -0.00060703943, -0.00250282977 ]
 }

"VariablePoint3AD" : { 
  "#id" : 207, 
  "graph_id" : 205, 
  "status" : 0, 
  "estimate" : [ -4.53523684, 2.30747128, 0.0200866107 ]
 }

"VariableSE3ExpMapRightAD" : { 
  "#id" : 208, 
  "graph_id" : 204, 
  "status" : 0, 
  "estimate" : [ -0.809572995, -0.586508811, -0.0244739633, 119.558418, 0.586830199, -0.809666574, -0.00839163829, 197.129379, -0.0148939779, -0.0211557057, 0.99966526, -0.578307688, 0, 0, 0, 1 ]
 }

"VariablePoint3AD" : { 
  "#id" : 209, 
  "graph_id" : 206, 
  "status" : 0, 
  "estimate" : [ -0.000527142547, 0.0115121435, 0.00562279951 ]
 }

"VariablePoint3AD" : { 
  "#id" : 210, 
  "graph_id" : 207, 
  "status" : 0, 
  "estimate" : [ -0.00128996547, -0.000580559194, -0.00249139662 ]
 }

"VariablePoint3AD" : { 
  "#id" : 211, 
  "graph_id" : 209, 
  "status" : 0, 
  "estimate" : [ -3.07712007, 1.65683675, 0.00236342591 ]
 }

"VariableSE3ExpMapRightAD" : { 
  "#id" : 212, 
  "graph_id" : 208, 
  "status" : 0, 
  "estimate" : [ -0.782853842, -0.621681154, -0.0255419854, 115.756752, 0.621822417, -0.783152699, 0.00294505944, 199.113266, -0.021834163, -0.0135770282, 0.999669373, -0.559433401, 0, 0, 0, 1 ]
 }

"VariablePoint3AD" : { 
  "#id" : 213, 
  "graph_id" : 210, 
  "status" : 0, 
  "estimate" : [ -0.000617233745, 0.0114833796, 0.00554941641 ]
 }

"VariablePoint3AD" : { 
  "#id" : 214, 
  "graph_id" : 211, 
  "status" : 0, 
  "estimate" : [ -0.00124796561, -0.000550896395, -0.00247877417 ]
 }

"VariablePoint3AD" : { 
  "#id" : 215, 
  "graph_id" : 213, 
  "status" : 0, 
  "estimate" : [ -1.29756832, 0.490680873, 0.0347057655 ]
 }

"VariableSE3ExpMapRightAD" : { 
  "#id" : 216, 
  "graph_id" : 212, 
  "status" : 0, 
  "estimate" : [ -0.757290483, -0.653011501, -0.00933032949, 113.518433, 0.652999997, -0.75734359, 0.00465013599, 200.260101, -0.0101028578, -0.00257120118, 0.999945641, -0.546095252, 0, 0, 0, 1 ]
 }

"VariablePoint3AD" : { 
  "#id" : 217, 
  "graph_id" : 215, 
  "status" : 0, 
  "estimate" : [ -0.00120974146, -0.000518390443, -0.00246518571 ]
 }

"VariablePoint3AD" : { 
  "#id" : 218, 
  "graph_id" : 217, 
  "status" : 0, 
  "estimate" : [ -0.199756652, -0.314381391, 0.0294200927 ]
 }

"VariableSE3ExpMapRightAD" : { 
  "#id" : 219, 
  "graph_id" : 216, 
  "status" : 0, 
  "estimate" : [ -0.755491793, -0.655125618, -0.00652912306, 112.875328, 0.655120671, -0.755517662, 0.00317121507, 200.262177, -0.0070104124, -0.00188153633, 0.999973655, -0.519883275, 0, 0, 0, 1 ]
 }

"VariablePoint3AD" : { 
  "#id" : 220, 
  "graph_id" : 218, 
  "status" : 0, 
  "estimate" : [ -0.000781501119, 0.011375308, 0.00540404255 ]
 }

"VariablePoint3AD" : { 
  "#id" : 221, 
  "graph_id" : 219, 
  "status" : 0, 
  "estimate" : [ -0.00117577624, -0.000483299867, -0.00245071365 ]
 }

"VariablePoint3AD" : { 
  "#id" : 222, 
  "graph_id" : 221, 
  "status" : 0, 
  "estimate" : [ -0.306317747, -0.112435885, 0.0256916564 ]
 }

"VariableSE3ExpMapRightAD" : { 
  "#id" : 223, 
  "graph_id" : 220, 
  "status" : 0, 
  "estimate" : [ -0.757583201, -0.652727962, -0.00372375874, 112.669975, 0.652730703, -0.757589817, 0.000613802928, 200.010498, -0.00322172791, -0.00196560472, 0.999992907, -0.493445724, 0, 0, 0, 1 ]
 }

"VariablePoint3AD" : { 
  "#id" : 224, 
  "graph_id" : 222, 
  "status" : 0, 
  "estimate" : [ -0.00085351296, 0.011308982, 0.00533131883 ]
 }

"VariablePoint3AD" : { 
  "#id" : 225, 
  "graph_id" : 223, 
  "status" : 0, 
  "estimate" : [ -0.0011462539, -0.000445825921, -0.00243525952 ]
 }

"VariablePoint3AD" : { 
  "#id" : 226, 
  "graph_id" : 225, 
  "status" : 0, 
  "estimate" : [ -1.23357844, 0.769633293, 0.0197912231 ]
 }

